-2.84134368939240730 
-4.68147493227986100 
-6.52160617516731470 
-9.73071685678212890 
-16.24712243552668100 
-22.76352801427124500 
-24.78598590747575900 
-25.03960474025588900 
-24.67518597563923400 
-22.42735774541364100 
-20.17952951518804700 
-16.94464414891712100 
-13.50913749943080700 
-11.44228738726551100 
-11.12592009040728900 
-10.80955279354907000 
-10.49318549669084700 
-10.30439176381753100 
-10.29593596103401700 
-10.28748015825050500 
-10.27902435546698900 
-10.27056855268347500 
-10.16627479300509800 
-10.02069061465598500 
-9.87510643630687390 
-9.72952225795776120 
-9.58230831436079460 
-9.42050743530285220 
-9.25870655624490800 
-9.09690567718696560 
-8.93510479812902330 
-8.77437899227269290 
-8.61670063418142720 
-8.45902227609016140 
-8.30134391799889570 
-8.14366555990763170 
-7.98598720181636420 
-7.74957307949883840 
-7.50408014043548910 
-7.25858720137213980 
-7.01309426230879040 
-6.76760132324544190 
-6.47325661265367010 
-6.15210054107196580 
-5.83094446949026410 
-5.50978839790855980 
-5.18863232632685540 
-4.96487156657737130 
-4.85122786984042080 
-4.73758417310347020 
-4.62394047636652060 
-4.51029677962957010 
-4.39665308289261960 
-4.28300938615567000 
-4.18714610345631310 
-4.11691286266502580 
-4.04667962187373930 
-3.97644638108245200 
-3.90621314029116550 
-3.83597989949987820 
-3.76574665870859080 
-3.69551341791730350 
-3.61549559302432710 
-3.52511100003659280 
-3.43472640704886080 
-3.34434181406112740 
-3.25395722107339360 
-3.16357262808566110 
-3.07318803509792860 
-2.98280344211019480 
-2.91880994937863750 
-2.86942611346960200 
-2.82004227756056510 
-2.77065844165152920 
-2.72127460574249370 
-2.67189076983345640 
-2.62250693392442090 
-2.57312309801538450 
-2.52373926210634810 
-2.47435542619731220 
-2.43351940176288560 
-2.39392918963858170 
-2.35433897751427730 
-2.31474876538997300 
-2.27515855326566910 
-2.23556834114136520 
-2.19597812901706040 
-2.15638791689275690 
-2.11679770476845250 
-2.07720749264414770 
-2.03699914885127550 
-1.99424696160830780 
-1.95149477436533920 
-1.90874258712237180 
-1.86599039987940380 
-1.82323821263643530 
-1.78048602539346760 
-1.73773383815049990 
-1.69498165090753150 
-1.65222946366456380 
-1.60947727642159590 
-1.58064180093112920 
-1.56171285159940720 
-1.54278390226768550 
-1.52385495293596310 
-1.50492600360424110 
-1.48599705427251890 
-1.46706810494079630 
-1.44813915560907440 
-1.42921020627735220 
-1.41028125694563020 
-1.39135230761390800 
-1.37242335828218610 
-1.35349440895046350 
-1.33456545961874130 
-1.31545199850052660 
-1.29587704908502620 
-1.27630209966952600 
-1.25672715025402540 
-1.23715220083852500 
-1.21757725142302450 
-1.19800230200752370 
-1.17842735259202320 
-1.15885240317652300 
-1.13927745376102260 
-1.11970250434552240 
-1.10012755493002130 
-1.08055260551452090 
-1.06097765609902050 
-1.04188386929266400 
-1.03081590412876010 
-1.01974793896485580 
-1.00867997380095180 
-0.99761200863704769 
-0.98654404347314373 
-0.97547607830923977 
-0.96440811314533559 
-0.95334014798143130 
-0.94227218281752723 
-0.93120421765362327 
-0.92013625248971920 
-0.90906828732581513 
-0.89800032216191128 
-0.88693235699800654 
-0.87586439183410247 
-0.86479642667019840 
-0.85372846150629456 
-0.84455603851619820 
-0.83631287150859235 
-0.82806970450098627 
-0.81982653749338041 
-0.81158337048577467 
-0.80334020347816881 
-0.79509703647056307 
-0.78685386946295732 
-0.77861070245535113 
-0.77036753544774539 
-0.76212436844013953 
-0.75388120143253368 
-0.74563803442492793 
-0.73739486741732185 
-0.72915170040971611 
-0.72090853340211025 
-0.71266536639450440 
-0.70442219938689865 
-0.69617903237929279 
-0.68989153522144453 
-0.68427084968193386 
-0.67865016414242318 
-0.67302947860291251 
-0.66740879306340195 
-0.66178810752389128 
-0.65616742198438038 
-0.65054673644486982 
-0.64492605090535926 
-0.63930536536584859 
-0.63368467982633780 
-0.62806399428682735 
-0.62244330874731657 
-0.61682262320780590 
-0.61120193766829523 
-0.60558125212878466 
-0.59996056658927399 
-0.59433988104976332 
-0.58871919551025242 
-0.58309850997074186 
-0.57796906130364711 
-0.57360281627143761 
-0.56923657123922833 
-0.56487032620701894 
-0.56050408117480943 
-0.55613783614260004 
-0.55177159111039065 
-0.54740534607818125 
-0.54303910104597186 
-0.53867285601376236 
-0.53430661098155297 
-0.52994036594934357 
-0.52557412091713418 
-0.52120787588492479 
-0.51684163085271551 
-0.51247538582050589 
-0.50810914078829650 
-0.50374289575608722 
-0.49937665072387777 
-0.49501040569166838 
-0.49064416065945898 
-0.48695101577872435 
-0.48452799987625839 
-0.48210498397379237 
-0.47968196807132629 
-0.47725895216886027 
-0.47483593626639425 
-0.47241292036392823 
-0.46998990446146216 
-0.46756688855899614 
-0.46514387265653007 
-0.46272085675406410 
-0.46029784085159814 
-0.45787482494913201 
-0.45545180904666599 
-0.45302879314419991 
-0.45060577724173395 
-0.44818276133926793 
-0.44575974543680191 
-0.44333672953433578 
-0.44091371363186976 
-0.43849069772940374 
-0.43606768182693778 
-0.43364466592447165 
-0.43122165002200563 
-0.42879863411953956 
-0.42637561821707359 
-0.42473362283863952 
-0.42310440181500869 
-0.42147518079137780 
-0.41984595976774686 
-0.41821673874411602 
-0.41658751772048508 
-0.41495829669685425 
-0.41332907567322330 
-0.41169985464959247 
-0.41007063362596152 
-0.40844141260233074 
-0.40681219157869980 
-0.40518297055506897 
-0.40355374953143802 
-0.40192452850780719 
-0.40029530748417630 
-0.39866608646054547 
-0.39703686543691463 
-0.39540764441328363 
-0.39377842338965274 
-0.39214920236602191 
-0.39051998134239102 
-0.38889076031876013 
-0.38726153929512924 
-0.38563231827149841 
-0.38400309724786752 
-0.38237387622423669 
-0.38106907394372685 
-0.38009680188998407 
-0.37912452983624118 
-0.37815225778249834 
-0.37717998572875561 
-0.37620771367501277 
-0.37523544162126993 
-0.37426316956752720 
-0.37329089751378436 
-0.37231862546004157 
-0.37134635340629873 
-0.37037408135255590 
-0.36940180929881311 
-0.36842953724507027 
-0.36745726519132743 
-0.36648499313758459 
-0.36551272108384186 
-0.36454044903009908 
-0.36356817697635618 
-0.36259590492261340 
-0.36162363286887061 
-0.36065136081512783 
-0.35967908876138499 
-0.35870681670764221 
-0.35773454465389942 
-0.35676227260015664 
-0.35579000054641374 
-0.35481772849267090 
-0.35384545643892806 
-0.35289975736351131 
-0.35228152670042234 
-0.35166329603733343 
-0.35104506537424451 
-0.35042683471115554 
-0.34980860404806663 
-0.34919037338497777 
-0.34857214272188874 
-0.34795391205879983 
-0.34733568139571086 
-0.34671745073262195 
-0.34609922006953298 
-0.34548098940644406 
-0.34486275874335509 
-0.34424452808026623 
-0.34362629741717721 
-0.34300806675408829 
-0.34238983609099932 
-0.34177160542791046 
-0.34115337476482155 
-0.34053514410173252 
-0.33991691343864355 
-0.33929868277555469 
-0.33868045211246578 
-0.33806222144937681 
-0.33744399078628790 
-0.33682576012319893 
-0.33620752946011001 
-0.33558929879702115 
-0.33497106813393218 
-0.33441794811785275 
-0.33419644016696981 
-0.33397493221608687 
-0.33375342426520394 
-0.33353191631432105 
-0.33331040836343812 
-0.33308890041255518 
-0.33286739246167218 
-0.33264588451078936 
-0.33242437655990642 
-0.33220286860902354 
-0.33198136065814060 
-0.33175985270725766 
-0.33153834475637467 
-0.33131683680549184 
-0.33109532885460896 
-0.33087382090372602 
-0.33065231295284309 
-0.33043080500196020 
-0.33020929705107721 
-0.32998778910019433 
-0.32976628114931139 
-0.32954477319842851 
-0.32932326524754557 
-0.32910175729666269 
-0.32888024934577975 
-0.32865874139489681 
-0.32843723344401388 
-0.32821572549313099 
-0.32799421754224806 
-0.32777270959136517 
-0.32755316221617986 
-0.32734044091609776 
-0.32712771961601556 
-0.32691499831593340 
-0.32670227701585125 
-0.32648955571576910 
-0.32627683441568700 
-0.32606411311560485 
-0.32585139181552264 
-0.32563867051544049 
-0.32542594921535845 
-0.32521322791527629 
-0.32500050661519408 
-0.32478778531511193 
-0.32457506401502983 
-0.32436234271494768 
-0.32414962141486553 
-0.32393690011478338 
-0.32372417881470117 
-0.32351145751461913 
-0.32329873621453692 
-0.32308601491445482 
-0.32287329361437261 
-0.32266057231429052 
-0.32244785101420836 
-0.32223512971412621 
-0.32202240841404406 
-0.32180968711396196 
-0.32159696581387981 
-0.32138424451379766 
-0.32117152321371550 
-0.32095880191363341 
-0.32079222109983874 
-0.32067303128849384 
-0.32055384147714888 
-0.32043465166580404 
-0.32031546185445914 
-0.32019627204311424 
-0.32007708223176928 
-0.31995789242042438 
-0.31983870260907954 
-0.31971951279773458 
-0.31960032298638968 
-0.31948113317504473 
-0.31936194336369983 
-0.31924275355235499 
-0.31912356374101009 
-0.31900437392966519 
-0.31888518411832034 
-0.31876599430697539 
-0.31864680449563049 
-0.31852761468428559 
-0.31840842487294063 
-0.31828923506159579 
-0.31817004525025089 
-0.31805085543890599 
-0.31793166562756103 
-0.31781247581621619 
-0.31769328600487123 
-0.31757409619352639 
-0.31745490638218143 
-0.31733571657083653 
-0.31721652675949163 
-0.31709733694814679 
-0.31711927426599179 
-0.31736631462805909 
-0.31761335499012627 
-0.31786039535219351 
-0.31810743571426081 
-0.31835447607632805 
-0.31860151643839529 
-0.31884855680046248 
-0.31909559716252978 
-0.31934263752459702 
-0.31958967788666426 
-0.31983671824873150 
-0.32008375861079880 
-0.32033079897286604 
-0.32057783933493322 
-0.32082487969700046 
-0.32107192005906776 
-0.32131896042113500 
-0.32156600078320219 
-0.32181304114526943 
-0.32206008150733673 
-0.32230712186940397 
-0.32255416223147121 
-0.32280120259353845 
-0.32304824295560575 
-0.32329528331767293 
-0.32354232367974017 
-0.32378936404180741 
-0.32403640440387471 
-0.32428344476594195 
-0.32453048512800914 
-0.32477752549007638 
-0.32502456585214368 
-0.32528267613396966 
-0.32555495027113251 
-0.32582722440829531 
-0.32609949854545811 
-0.32637177268262096 
-0.32664404681978382 
-0.32691632095694656 
-0.32718859509410941 
-0.32746086923127216 
-0.32773314336843506 
-0.32800541750559781 
-0.32827769164276066 
-0.32854996577992346 
-0.32882223991708631 
-0.32909451405424911 
-0.32936678819141202 
-0.32963906232857471 
-0.32991133646573756 
-0.33018361060290041 
-0.33045588474006315 
-0.33072815887722601 
-0.33100043301438881 
-0.33127270715155160 
-0.33154498128871446 
-0.33181725542587731 
-0.33208952956304005 
-0.33236180370020291 
-0.33263407783736570 
-0.33290635197452856 
-0.33317862611169136 
-0.33345090024885421 
-0.33372317438601706 
-0.33399544852317975 
-0.33423252460639502 
-0.33440500221769731 
-0.33457747982899966 
-0.33474995744030211 
-0.33492243505160446 
-0.33509491266290675 
-0.33526739027420910 
-0.33543986788551150 
-0.33561234549681379 
-0.33578482310811619 
-0.33595730071941854 
-0.33612977833072094 
-0.33630225594202323 
-0.33647473355332563 
-0.33664721116462798 
-0.33681968877593033 
-0.33699216638723267 
-0.33716464399853502 
-0.33733712160983736 
-0.33750959922113971 
-0.33768207683244211 
-0.33785455444374446 
-0.33802703205504686 
-0.33819950966634915 
-0.33837198727765155 
-0.33854446488895390 
-0.33871694250025625 
-0.33888942011155859 
-0.33906189772286099 
-0.33923437533416334 
-0.33940685294546563 
-0.33957933055676803 
-0.33975180816807038 
-0.33992428577937273 
-0.34044738264554159 
-0.34098657010780942 
-0.34152575757007725 
-0.34206494503234519 
-0.34260413249461297 
-0.34314331995688085 
-0.34368250741914869 
-0.34422169488141657 
-0.34476088234368435 
-0.34530006980595224 
-0.34583925726822018 
-0.34637844473048796 
-0.34691763219275590 
-0.34745681965502373 
-0.34799600711729162 
-0.34853519457955945 
-0.34907438204182734 
-0.34961356950409517 
-0.35015275696636300 
-0.35069194442863089 
-0.35123113189089872 
-0.35177031935316666 
-0.35230950681543444 
-0.35284869427770232 
-0.35338788173997010 
-0.35392706920223804 
-0.35446625666450593 
-0.35500544412677376 
-0.35554463158904159 
-0.35614401109047628 
-0.35697179491481812 
-0.35779957873916002 
-0.35862736256350192 
-0.35945514638784382 
-0.36028293021218566 
-0.36111071403652756 
-0.36193849786086940 
-0.36276628168521130 
-0.36359406550955314 
-0.36442184933389504 
-0.36524963315823689 
-0.36607741698257890 
-0.36690520080692074 
-0.36773298463126258 
-0.36856076845560437 
-0.36938855227994621 
-0.37021633610428806 
-0.37104411992863007 
-0.37187190375297186 
-0.37269968757731370 
-0.37352747140165554 
-0.37435525522599744 
-0.37518303905033934 
-0.37601082287468118 
-0.37683860669902308 
-0.37766639052336493 
-0.37849417434770677 
-0.37927030683203378 
-0.37992017437501419 
-0.38057004191799454 
-0.38121990946097495 
-0.38186977700395536 
-0.38251964454693577 
-0.38316951208991612 
-0.38381937963289653 
-0.38446924717587694 
-0.38511911471885735 
-0.38576898226183765 
-0.38641884980481811 
-0.38706871734779846 
-0.38771858489077893 
-0.38836845243375928 
-0.38901831997673958 
-0.38966818751972010 
-0.39031805506270040 
-0.39096792260568075 
-0.39161779014866122 
-0.39226765769164157 
-0.39291752523462198 
-0.39356739277760233 
-0.39421726032058280 
-0.39486712786356326 
-0.39551699540654361 
-0.39616686294952397 
-0.39681673049250443 
-0.39745913578007297 
-0.39809399722112132 
-0.39872885866216945 
-0.39936372010321769 
-0.39999858154426604 
-0.40063344298531428 
-0.40126830442636241 
-0.40190316586741076 
-0.40253802730845900 
-0.40317288874950730 
-0.40380775019055537 
-0.40444261163160372 
-0.40507747307265202 
-0.40571233451370026 
-0.40634719595474844 
-0.40698205739579668 
-0.40761691883684498 
-0.40825178027789327 
-0.40888664171894151 
-0.40952150315998975 
-0.41015636460103805 
-0.41079122604208629 
-0.41142608748313447 
-0.41206094892418277 
-0.41269581036523101 
-0.41333067180627925 
-0.41396553324732749 
-0.41460039468837573 
-0.41575900147125183 
-0.41707333528498092 
-0.41838766909870984 
-0.41970200291243892 
-0.42101633672616795 
-0.42233067053989709 
-0.42364500435362595 
-0.42495933816735509 
-0.42627367198108418 
-0.42758800579481321 
-0.42890233960854218 
-0.43021667342227127 
-0.43153100723600035 
-0.43284534104972960 
-0.43415967486345852 
-0.43547400867718761 
-0.43678834249091669 
-0.43810267630464578 
-0.43941701011837470 
-0.44073134393210378 
-0.44204567774583287 
-0.44336001155956195 
-0.44467434537329087 
-0.44598867918701995 
-0.44730301300074904 
-0.44861734681447807 
-0.44993168062820704 
-0.45138348107997239 
-0.45308627872396923 
-0.45478907636796595 
-0.45649187401196251 
-0.45819467165595934 
-0.45989746929995606 
-0.46160026694395290 
-0.46330306458794945 
-0.46500586223194618 
-0.46670865987594307 
-0.46841145751994001 
-0.47011425516393657 
-0.47181705280793335 
-0.47351985045193012 
-0.47522264809592685 
-0.47692544573992346 
-0.47862824338392029 
-0.48033104102791702 
-0.48203383867191385 
-0.48373663631591041 
-0.48543943395990719 
-0.48714223160390396 
-0.48884502924790069 
-0.49054782689189730 
-0.49225062453589408 
-0.49395342217989080 
-0.49565621982388763 
-0.49735134811087456 
-0.49897049953971051 
-0.50058965096854635 
-0.50220880239738230 
-0.50382795382621826 
-0.50544710525505399 
-0.50706625668389005 
-0.50868540811272600 
-0.51030455954156173 
-0.51192371097039779 
-0.51354286239923352 
-0.51516201382806948 
-0.51678116525690521 
-0.51840031668574116 
-0.52001946811457700 
-0.52163861954341295 
-0.52325777097224868 
-0.52487692240108474 
-0.52649607382992059 
-0.52811522525875643 
-0.52973437668759227 
-0.53135352811642811 
-0.53297267954526406 
-0.53459183097410001 
-0.53621098240293597 
-0.53773068407420677 
-0.53923148980633440 
-0.54073229553846225 
-0.54223310127058999 
-0.54373390700271773 
-0.54523471273484558 
-0.54673551846697332 
-0.54823632419910096 
-0.54973712993122881 
-0.55123793566335644 
-0.55273874139548418 
-0.55423954712761181 
-0.55574035285973955 
-0.55724115859186740 
-0.55874196432399514 
-0.56024277005612277 
-0.56174357578825052 
-0.56324438152037826 
-0.56474518725250600 
-0.56624599298463385 
-0.56774679871676137 
-0.56924760444888911 
-0.57083102112522344 
-0.57323897189954254 
-0.57564692267386131 
-0.57805487344818041 
-0.58046282422249951 
-0.58287077499681872 
-0.58527872577113782 
-0.58768667654545681 
-0.59009462731977602 
-0.59250257809409490 
-0.59491052886841400 
-0.59731847964273321 
-0.59972643041705220 
-0.60213438119137119 
-0.60454233196569029 
-0.60695028274000939 
-0.60935823351432850 
-0.61176618428864749 
-0.61417413506296648 
-0.61658208583728558 
-0.61899003661160468 
-0.62139798738592389 
-0.62501143310689766 
-0.62971183279470266 
-0.63441223248250767 
-0.63911263217031278 
-0.64381303185811734 
-0.64851343154592245 
-0.65321383123372745 
-0.65791423092153267 
-0.66261463060933767 
-0.66731503029714279 
-0.67201542998494779 
-0.67671582967275234 
-0.68141622936055746 
-0.68611662904836246 
-0.69081702873616768 
-0.69551742842397268 
-0.70021782811177713 
-0.70491822779958213 
-0.70961862748738735 
-0.71426765942636450 
-0.71881891203215520 
-0.72337016463794623 
-0.72792141724373738 
-0.73247266984952863 
-0.73702392245531922 
-0.74157517506111048 
-0.74612642766690151 
-0.75067768027269266 
-0.75522893287848336 
-0.75978018548427462 
-0.76433143809006632 
-0.76888269069585691 
-0.77343394330164816 
-0.77798519590743931 
-0.78253644851323056 
-0.78708770111902171 
-0.79163895372481230 
-0.79619020633060356 
-0.80143088799316797 
-0.81074537508438116 
-0.82005986217559312 
-0.82937434926680620 
-0.83868883635801939 
-0.84800332344923257 
-0.85731781054044465 
-0.86663229763165783 
-0.87594678472287091 
-0.88526127181408421 
-0.89457575890529606 
-0.90389024599650925 
-0.91320473308772254 
-0.92251922017893562 
-0.93183370727014769 
-0.94114819436136199 
-0.95046268145257518 
-0.96358749100793450 
-0.97678239970449210 
-0.98997730840105158 
-1.00317221709761120 
-1.01636712579417020 
-1.02956203449072810 
-1.04275694318728760 
-1.05595185188384690 
-1.06914676058040640 
-1.08234166927696410 
-1.09553657797352330 
-1.10873148667008280 
-1.12192639536664210 
-1.13512130406320000 
-1.14802787458534540 
-1.16035436378822480 
-1.17268085299110390 
-1.18500734219398130 
-1.19733383139686090 
-1.20966032059974000 
-1.22198680980261920 
-1.23431329900549680 
-1.24663978820837750 
-1.25896627741125690 
-1.27129276661413580 
-1.28361925581701360 
-1.29594574501989280 
-1.30827223422277190 
-1.32059872342565130 
-1.32865922219490700 
-1.33445224725607780 
-1.34024527231724840 
-1.34603829737841910 
-1.35183132243958900 
-1.35762434750075920 
-1.36341737256193010 
-1.36921039762310070 
-1.37500342268427040 
-1.38079644774544130 
-1.38658947280661170 
-1.39238249786778210 
-1.39817552292895210 
-1.40396854799012270 
-1.40976157305129310 
-1.40998491300532120 
-1.40665557049929910 
-1.40332622799327660 
-1.39999688548725400 
-1.39666754298123160 
-1.39333820047520970 
-1.39000885796918690 
-1.38667951546316480 
-1.38335017295714220 
-1.38002083045112030 
-1.37669148794509780 
-1.37336214543907520 
-1.37003280293305290 
-1.36670346042703070 
-1.36337411792100840 
-1.36004477541498580 
-1.35607397702224160 
-1.35201697446703760 
-1.34795997191183290 
-1.34390296935662820 
-1.33984596680142330 
-1.33578896424621910 
-1.33173196169101460 
-1.32767495913580950 
-1.32361795658060450 
-1.31956095402540010 
-1.31550395147019540 
-1.31144694891499070 
-1.30738994635978600 
-1.30333294380458180 
-1.29927594124937710 
-1.29476625221190920 
-1.28574829976138090 
-1.27673034731085330 
-1.26771239486032480 
-1.25869444240979630 
-1.24967648995926810 
-1.24065853750874040 
-1.23164058505821220 
-1.22262263260768370 
-1.21360468015715520 
-1.20458672770662800 
-1.19556877525609950 
-1.18655082280557080 
-1.17753287035504250 
-1.16851491790451510 
-1.15949696545398660 
-1.14797591918485710 
-1.13131023589223800 
-1.11464455259962290 
-1.09797886930700580 
-1.08131318601438900 
-1.06464750272177190 
-1.04798181942915700 
-1.03131613613653990 
-1.01465045284392290 
-0.99798476955130588 
-0.98131908625869091 
-0.96465340296607383 
-0.94798771967345685 
-0.93132203638083977 
-0.91465635308822479 
-0.89799066979560782 
-0.88048364606066021 
-0.86261294543282740 
-0.84474224480499716 
-0.82687154417716435 
-0.80900084354933155 
-0.79113014292149886 
-0.77325944229366617 
-0.75538874166583558 
-0.73751804103800067 
-0.71964734041016787 
-0.70177663978233751 
-0.68390593915450471 
-0.66603523852667201 
-0.64816453789883932 
-0.63029383727100874 
-0.61252845088922958 
-0.60131692393651337 
-0.59010539698379716 
-0.57889387003108250 
-0.56768234307836629 
-0.55647081612565008 
-0.54525928917293387 
-0.53404776222021910 
-0.52283623526750300 
-0.51162470831478668 
-0.50041318136207047 
-0.48920165440935431 
-0.47799012745663949 
-0.46677860050392334 
-0.45556707355120712 
-0.44435554659849091 
-0.43314401964577476 
-0.42193249269305855 
-0.41072096574034239 
-0.39950943878762762 
-0.38996903171239433 
-0.38414694416862677 
-0.37832485662485904 
-0.37250276908109214 
-0.36668068153732453 
-0.36085859399355685 
-0.35503650644978924 
-0.34921441890602234 
-0.34339233136225472 
-0.33757024381848705 
-0.33174815627471937 
-0.32592606873095176 
-0.32010398118718492 
-0.31428189364341724 
-0.30845980609964957 
-0.30263771855588195 
-0.29681563101211506 
-0.29099354346834744 
-0.28517145592457976 
-0.27934936838081215 
-0.27352728083704447 
-0.26770519329327686 
-0.26188310574950924 
-0.25606101820574229 
-0.25023893066197467 
-0.24441684311820702 
-0.23859475557444010 
-0.23277266803067248 
-0.22862042755649087 
-0.22567651592845642 
-0.22273260430042274 
-0.21978869267238829 
-0.21684478104435426 
-0.21390086941632053 
-0.21095695778828608 
-0.20801304616025240 
-0.20506913453221834 
-0.20212522290418461 
-0.19918131127615019 
-0.19623739964811648 
-0.19329348802008237 
-0.19034957639204872 
-0.18740566476401427 
-0.18446175313598059 
-0.18151784150794650 
-0.17857392987991280 
-0.17563001825187838 
-0.17268610662384468 
-0.16974219499581059 
-0.16679828336777691 
-0.16385437173974246 
-0.16091046011170873 
-0.15796654848367470 
-0.15502263685564097 
-0.15207872522760651 
-0.14913481359957248 
-0.14619090197153878 
-0.14324699034350433 
-0.14030307871547062 
-0.13735916708743656 
-0.13441525545940283 
-0.13147134383136841 
-0.12852743220333471 
-0.12558352057530064 
-0.12263960894726694 
-0.11969569731923249 
-0.11675178569119879 
-0.11573281791022375 
-0.11480450391750213 
-0.11387618992478027 
-0.11294787593205864 
-0.11201956193933676 
-0.11109124794661526 
-0.11016293395389340 
-0.10923461996117177 
-0.10830630596844991 
-0.10737799197572839 
-0.10644967798300652 
-0.10552136399028467 
-0.10459304999756304 
-0.10366473600484129 
-0.10273642201211967 
-0.10180810801939780 
-0.10087979402667617 
-0.09995148003395442 
-0.09902316604123279 
-0.09809485204851093 
-0.09716653805578930 
-0.09623822406306756 
-0.09530991007034592 
-0.09438159607762406 
-0.09345328208490243 
-0.09252496809218069 
-0.09159665409945905 
-0.09066834010673719 
-0.08974002611401558 
-0.08881171212129382 
-0.08788339812857220 
-0.08695508413585033 
-0.08602677014312871 
-0.08509845615040695 
-0.08417014215768510 
-0.08324182816496346 
-0.08231351417224171 
-0.08138520017952008 
-0.08045688618679824 
-0.07952857219407659 
-0.07860025820135484 
-0.07767194420863320 
-0.07674363021591135 
-0.07581531622318972 
-0.07488700223046786 
-0.07395868823774633 
-0.07303037424502448 
-0.07210206025230286 
-0.07117374625958099 
-0.07024543226685949 
-0.06931711827413761 
-0.06838880428141599 
-0.06746049028869412 
-0.06653217629597262 
-0.06560386230325076 
-0.06671037774678440 
-0.06961931167757254 
-0.07252824560836033 
-0.07543717953914773 
-0.07834611346993588 
-0.08125504740072330 
-0.08416398133151105 
-0.08707291526229849 
-0.08998184919308663 
-0.09289078312387405 
-0.09579971705466182 
-0.09870865098544923 
-0.10161758491623739 
-0.10452651884702480 
-0.10743545277781258 
-0.11034438670859999 
-0.11325332063938813 
-0.11616225457017555 
-0.11907118850096332 
-0.12198012243175073 
-0.12488905636253889 
-0.12779799029332631 
-0.13070692422411406 
-0.13361585815490151 
-0.13652479208568966 
-0.13943372601647741 
-0.14234265994726483 
-0.14525159387805298 
-0.14816052780884040 
-0.15106946173962854 
-0.15397839567041557 
-0.15688732960120372 
-0.15979626353199114 
-0.16270519746277928 
-0.16561413139356632 
-0.16852306532435449 
-0.17510886279890650 
-0.19708299717199085 
-0.21905713154506690 
-0.24103126591815122 
-0.26300540029123004 
-0.28497953466431436 
-0.30695366903739046 
-0.32892780341047478 
-0.35090193778355350 
-0.37287607215663793 
-0.39485020652971670 
-0.41682434090279830 
-0.43879847527587706 
-0.46077260964896138 
-0.48274674402204304 
-0.50472087839512181 
-0.52669501276820629 
-0.54866914714128501 
-0.57064328151436661 
-0.59028847698278253 
-0.60811094441706148 
-0.62593341185133577 
-0.64375587928561229 
-0.66157834671988658 
-0.67940081415416531 
-0.69722328158843960 
-0.71504574902271612 
-0.73286821645699041 
-0.75069068389126936 
-0.76851315132554365 
-0.78633561875982017 
-0.80415808619409446 
-0.82198055362837319 
-0.83980302106264759 
-0.85762548849692632 
-0.87544795593120062 
-0.89315317712506115 
-0.89598234412909494 
-0.89881151113312785 
-0.90164067813716176 
-0.90446984514119411 
-0.90729901214522779 
-0.91012817914926081 
-0.91295734615329471 
-0.91578651315732784 
-0.91861568016136153 
-0.92144484716539465 
-0.92427401416942856 
-0.92710318117346147 
-0.92993234817749471 
-0.93276151518152783 
-0.93559068218556152 
-0.90153143890230125 
-0.84862530705816852 
-0.79571917521404933 
-0.74281304336991660 
-0.68990691152579731 
-0.63700077968167812 
-0.58409464783755882 
-0.53118851599342609 
-0.47828238414929353 
-0.42537625230517417 
-0.37247012046104155 
-0.31956398861692231 
-0.26665785677280301 
-0.21375172492868377 
-0.16084559308455113 
-0.06003094905702493 
 0.07593180599462950 
 0.21189456104624957 
 0.34785731609790405 
 0.48382007114952408 
 0.61978282620114411 
 0.75574558125276414 
 0.89170833630441881 
 1.02767109135603870 
 1.16363384640769320 
 1.29959660145931340 
 1.43555935651096790 
 1.57187794055196050 
 1.88429346039906180 
 2.19670898024616300 
 2.50912450009334350 
 2.82154001994052270 
 3.13395553978762420 
 3.44637105963480430 
 3.75878657948190580 
 4.02183885950095640 
 4.05407572066651590 
 4.08631258183207710 
 4.11854944299763660 
 4.15078630416320490 
 4.18302316532876440 
 4.21526002649433360 
 4.24749688765989310 
