 0.00002401334628910 
 0.00077001051626845 
 0.00151600768624780 
 0.00226200485622715 
 0.00300800202620650 
 0.00375399919618585 
 0.00449999636616520 
 0.00524599353614455 
 0.00599199070612390 
 0.00673798787610325 
 0.00748398504608260 
 0.00822998221606195 
 0.00897597938604130 
 0.00972197655602065 
 0.01046797372600000 
 0.01121397089597935 
 0.01195996806595870 
 0.01270596523593805 
 0.01345196240591741 
 0.01419795957589676 
 0.01494395674587611 
 0.01568995391585546 
 0.01643595108583481 
 0.01718194825581416 
 0.01792794542579351 
 0.01867394259577286 
 0.01941993976575221 
 0.02016593693573156 
 0.02091193410571091 
 0.02165793127569026 
 0.02240392844566961 
 0.02314992561564896 
 0.02389592278562831 
 0.02464191995560766 
 0.02538791712558701 
 0.02613391429556636 
 0.02687991146554572 
 0.02762590863552507 
 0.02837190580550442 
 0.02911790297548377 
 0.02986390014546312 
 0.03060989731544247 
 0.03135589448542182 
 0.03210189165540118 
 0.03284788882538052 
 0.03359388599535988 
 0.03433988316533922 
 0.03508588033531857 
 0.03583187750529793 
 0.03657787467527728 
 0.03732387184525662 
 0.03806986901523598 
 0.03881586618521533 
 0.03956186335519468 
 0.04030786052517403 
 0.04105385769515338 
 0.04179985486513273 
 0.04254585203511208 
 0.04329184920509143 
 0.04403784637507079 
 0.04478384354505013 
 0.04552984071502948 
 0.04627583788500883 
 0.04702183505498819 
 0.04776783222496753 
 0.04851382939494688 
 0.04925982656492624 
 0.05000582373490559 
 0.05075182090488493 
 0.05149781807486429 
 0.05224381524484364 
 0.05298981241482298 
 0.05373580958480234 
 0.05448180675478168 
 0.05522780392476103 
 0.05597380109474039 
 0.05671979826471973 
 0.05746579543469908 
 0.05821179260467844 
 0.05895778977465779 
 0.05970378694463715 
 0.06044978411461649 
 0.06119578128459584 
 0.06194177845457520 
 0.06268777562455455 
 0.06343377279453388 
 0.06417976996451325 
 0.06492576713449259 
 0.06567176430447194 
 0.06641776147445130 
 0.06716375864443065 
 0.06790975581440999 
 0.06865575298438935 
 0.06940175015436870 
 0.07014774732434805 
 0.07089374449432741 
 0.07163974166430674 
 0.07238573883428609 
 0.07313173600426545 
 0.07387773317424480 
 0.07462373034422415 
 0.07536972751420350 
 0.07611572468418285 
 0.07686172185416219 
 0.07760771902414156 
 0.07835371619412090 
 0.07909971336410025 
 0.07984571053407960 
 0.08059170770405895 
 0.08133770487403830 
 0.08208370204401766 
 0.08282969921399701 
 0.08357569638397634 
 0.08432169355395570 
 0.08506769072393505 
 0.08581368789391441 
 0.08655968506389376 
 0.08730568223387311 
 0.08805167940385246 
 0.08879767657383181 
 0.08954367374381116 
 0.09028967091379052 
 0.09103566808376987 
 0.09178166525374920 
 0.09252766242372855 
 0.09327365959370790 
 0.09401965676368727 
 0.09476565393366662 
 0.09551165110364596 
 0.09625764827362530 
 0.09700364544360465 
 0.09774964261358403 
 0.09849563978356338 
 0.09924163695354271 
 0.09998763412352206 
 0.10073363129350141 
 0.10147962846348076 
 0.10222562563346013 
 0.10297162280343947 
 0.10371761997341881 
 0.10446361714339816 
 0.10520961431337751 
 0.10595561148335686 
 0.10670160865333625 
 0.10744760582331560 
 0.10819360299329495 
 0.10893960016327429 
 0.10968559733325364 
 0.11043159450323299 
 0.11117759167321235 
 0.11192358884319170 
 0.11266958601317105 
 0.11341558318315040 
 0.11416158035312975 
 0.11490757752310908 
 0.11565357469308846 
 0.11639957186306781 
 0.11714556903304715 
 0.11789156620302650 
 0.11863756337300584 
 0.11938356054298521 
 0.12012955771296456 
 0.12087555488294391 
 0.12162155205292326 
 0.12236754922290259 
 0.12311354639288194 
 0.12385954356286132 
 0.12460554073284066 
 0.12535153790282000 
 0.12609753507279936 
 0.12684353224277869 
 0.12758952941275806 
 0.12833552658273742 
 0.12908152375271675 
 0.12982752092269612 
 0.13057351809267545 
 0.13131951526265481 
 0.13206551243263415 
 0.13281150960261351 
 0.13355750677259287 
 0.13430350394257221 
 0.13504950111255157 
 0.13579549828253090 
 0.13654149545251024 
 0.13728749262248963 
 0.13803348979246896 
 0.13877948696244832 
 0.13952548413242766 
 0.14027148130240702 
 0.14101747847238635 
 0.14176347564236572 
 0.14250947281234508 
 0.14325546998232441 
 0.14400146715230377 
 0.14474746432228311 
 0.14549346149226247 
 0.14623945866224183 
 0.14698545583222117 
 0.14773145300220053 
 0.14847745017217986 
 0.14922344734215920 
 0.14996944451213859 
 0.15071544168211792 
 0.15146143885209729 
 0.15220743602207662 
 0.15295343319205595 
 0.15369943036203532 
 0.15444542753201468 
 0.15519142470199404 
 0.15593742187197338 
 0.15668341904195271 
 0.15742941621193207 
 0.15817541338191141 
 0.15892141055189080 
 0.15966740772187013 
 0.16041340489184946 
 0.16115940206182883 
 0.16190539923180816 
 0.16265139640178752 
 0.16339739357176689 
 0.16414339074174622 
 0.16488938791172558 
 0.16563538508170492 
 0.16638138225168428 
 0.16712737942166361 
 0.16787337659164298 
 0.16861937376162234 
 0.16936537093160167 
 0.17011136810158103 
 0.17085736527156037 
 0.17160336244153973 
 0.17234935961151909 
 0.17309535678149843 
 0.17384135395147779 
 0.17458735112145712 
 0.17533334829143649 
 0.17607934546141585 
 0.17682534263139518 
 0.17757133980137454 
 0.17831733697135388 
 0.17906333414133324 
 0.17980933131131258 
 0.18055532848129194 
 0.18130132565127130 
 0.18204732282125063 
 0.18279331999123000 
 0.18353931716120933 
 0.18428531433118869 
 0.18503131150116803 
 0.18577730867114736 
 0.18652330584112672 
 0.18726930301110611 
 0.18801530018108545 
 0.18876129735106481 
 0.18950729452104415 
 0.19025329169102351 
 0.19099928886100284 
 0.19174528603098220 
 0.19249128320096154 
 0.19323728037094087 
 0.19398327754092023 
 0.19472927471089957 
 0.19547527188087896 
 0.19622126905085832 
 0.19696726622083766 
 0.19771326339081702 
 0.19845926056079635 
 0.19920525773077571 
 0.19995125490075505 
 0.20069725207073438 
 0.20144324924071375 
 0.20218924641069308 
 0.20293524358067244 
 0.20368124075065178 
 0.20442723792063117 
 0.20517323509061053 
 0.20591923226058986 
 0.20666522943056923 
 0.20741122660054856 
 0.20815722377052789 
 0.20890322094050726 
 0.20964921811048659 
 0.21039521528046595 
 0.21114121245044529 
 0.21188720962042465 
 0.21263320679040396 
 0.21337920396038337 
 0.21412520113036271 
 0.21487119830034207 
 0.21561719547032140 
 0.21636319264030077 
 0.21710918981028007 
 0.21785518698025946 
 0.21860118415023877 
 0.21934718132021816 
 0.22009317849019747 
 0.22083917566017683 
 0.22158517283015622 
 0.22233117000013558 
 0.22307716717011492 
 0.22382316434009428 
 0.22456916151007361 
 0.22531515868005297 
 0.22606115585003228 
 0.22680715302001167 
 0.22755315018999098 
 0.22829914735997037 
 0.22904514452994967 
 0.22979114169992904 
 0.23053713886990843 
 0.23128313603988779 
 0.23202913320986712 
 0.23277513037984648 
 0.23352112754982579 
 0.23426712471980518 
 0.23501312188978449 
 0.23575911905976388 
 0.23650511622974318 
 0.23725111339972255 
 0.23799711056970188 
 0.23874310773968130 
 0.23948910490966063 
 0.24023510207963999 
 0.24098109924961930 
 0.24172709641959869 
 0.24247309358957800 
 0.24321909075955739 
 0.24396508792953669 
 0.24471108509951606 
 0.24545708226949539 
 0.24620307943947475 
 0.24694907660945409 
 0.24769507377943351 
 0.24844107094941281 
 0.24918706811939220 
 0.24993306528937151 
 0.25067906245935090 
 0.25142505962933021 
 0.25217105679930957 
 0.25291705396928893 
 0.25366305113926829 
 0.25440904830924760 
 0.25515504547922696 
 0.25590104264920627 
 0.25664703981918568 
 0.25739303698916505 
 0.25813903415914441 
 0.25888503132912372 
 0.25963102849910308 
 0.26037702566908244 
 0.26112302283906180 
 0.26186902000904111 
 0.26261501717902047 
 0.26336101434899978 
 0.26410701151897920 
 0.26485300868895856 
 0.26559900585893792 
 0.26634500302891723 
 0.26709100019889659 
 0.26783699736887595 
 0.26858299453885531 
 0.26932899170883462 
 0.27007498887881398 
 0.27082098604879329 
 0.27156698321877271 
 0.27231298038875201 
 0.27305897755873138 
 0.27380497472871074 
 0.27455097189869010 
 0.27529696906866946 
 0.27604296623864882 
 0.27678896340862813 
 0.27753496057860749 
 0.27828095774858680 
 0.27902695491856622 
 0.27977295208854552 
 0.28051894925852489 
 0.28126494642850419 
 0.28201094359848355 
 0.28275694076846297 
 0.28350293793844233 
 0.28424893510842164 
 0.28499493227840100 
 0.28574092944838031 
 0.28648692661835973 
 0.28723292378833903 
 0.28797892095831840 
 0.28872491812829770 
 0.28947091529827707 
 0.29021691246825643 
 0.29096290963823584 
 0.29170890680821515 
 0.29245490397819451 
 0.29320090114817382 
 0.29394689831815324 
 0.29469289548813254 
 0.29543889265811191 
 0.29618488982809121 
 0.29693088699807058 
 0.29767688416804994 
 0.29842288133802930 
 0.29916887850800861 
 0.29991487567798802 
 0.30066087284796733 
 0.30140687001794675 
 0.30215286718792606 
 0.30289886435790542 
 0.30364486152788472 
 0.30439085869786409 
 0.30513685586784345 
 0.30588285303782281 
 0.30662885020780212 
 0.30737484737778148 
 0.30812084454776084 
 0.30886684171774026 
 0.30961283888771957 
 0.31035883605769893 
 0.31110483322767823 
 0.31185083039765760 
 0.31259682756763696 
 0.31334282473761632 
 0.31408882190759563 
 0.31483481907757499 
 0.31558081624755435 
 0.31632681341753371 
 0.31707281058751308 
 0.31781880775749244 
 0.31856480492747175 
 0.31931080209745111 
 0.32005679926743047 
 0.32080279643740983 
 0.32154879360738914 
 0.32229479077736850 
 0.32304078794734786 
 0.32378678511732722 
 0.32453278228730653 
 0.32527877945728589 
 0.32602477662726526 
 0.32677077379724462 
 0.32751677096722398 
 0.32826276813720334 
 0.32900876530718265 
 0.32975476247716201 
 0.33050075964714137 
 0.33124675681712074 
 0.33199275398710004 
 0.33273875115707940 
 0.33348474832705877 
 0.33423074549703813 
 0.33497674266701749 
 0.33572273983699685 
 0.33646873700697616 
 0.33721473417695552 
 0.33796073134693488 
 0.33870672851691425 
 0.33945272568689355 
 0.34019872285687291 
 0.34094472002685228 
 0.34169071719683164 
 0.34243671436681100 
 0.34318271153679036 
 0.34392870870676967 
 0.34467470587674903 
 0.34542070304672839 
 0.34616670021670776 
 0.34691269738668706 
 0.34765869455666643 
 0.34840469172664579 
 0.34915068889662515 
 0.34989668606660451 
 0.35064268323658382 
 0.35138868040656318 
 0.35213467757654254 
 0.35288067474652191 
 0.35362667191650127 
 0.35437266908648057 
 0.35511866625645994 
 0.35586466342643930 
 0.35661066059641866 
 0.35735665776639802 
 0.35810265493637733 
 0.35884865210635669 
 0.35959464927633605 
 0.36034064644631542 
 0.36108664361629478 
 0.36183264078627408 
 0.36257863795625345 
 0.36332463512623281 
 0.36407063229621217 
 0.36481662946619153 
 0.36556262663617084 
 0.36630862380615020 
 0.36705462097612956 
 0.36780061814610893 
 0.36854661531608823 
 0.36929261248606760 
 0.37003860965604690 
 0.37078460682602632 
 0.37153060399600563 
 0.37227660116598499 
 0.37302259833596429 
 0.37376859550594371 
 0.37451459267592307 
 0.37526058984590244 
 0.37600658701588180 
 0.37675258418586111 
 0.37749858135584047 
 0.37824457852581983 
 0.37899057569579919 
 0.37973657286577855 
 0.38048257003575786 
 0.38122856720573722 
 0.38197456437571659 
 0.38272056154569595 
 0.38346655871567525 
 0.38421255588565462 
 0.38495855305563392 
 0.38570455022561334 
 0.38645054739559265 
 0.38719654456557201 
 0.38794254173555132 
 0.38868853890553068 
 0.38943453607551004 
 0.39018053324548940 
 0.39092653041546882 
 0.39167252758544813 
 0.39241852475542749 
 0.39316452192540685 
 0.39391051909538621 
 0.39465651626536558 
 0.39540251343534488 
 0.39614851060532424 
 0.39689450777530361 
 0.39764050494528297 
 0.39838650211526228 
 0.39913249928524164 
 0.39987849645522094 
 0.40062449362520036 
 0.40137049079517967 
 0.40211648796515903 
 0.40286248513513834 
 0.40360848230511770 
 0.40435447947509706 
 0.40510047664507642 
 0.40584647381505573 
 0.40659247098503509 
 0.40733846815501445 
 0.40808446532499387 
 0.40883046249497323 
 0.40957645966495260 
 0.41032245683493190 
 0.41106845400491127 
 0.41181445117489063 
 0.41256044834486999 
 0.41330644551484930 
 0.41405244268482866 
 0.41479843985480802 
 0.41554443702478738 
 0.41629043419476669 
 0.41703643136474605 
 0.41778242853472536 
 0.41852842570470478 
 0.41927442287468408 
 0.42002042004466345 
 0.42076641721464275 
 0.42151241438462211 
 0.42225841155460148 
 0.42300440872458084 
 0.42375040589456014 
 0.42449640306453945 
 0.42524240023451887 
 0.42598839740449829 
 0.42673439457447770 
 0.42748039174445696 
 0.42822638891443632 
 0.42897238608441568 
 0.42971838325439504 
 0.43046438042437435 
 0.43121037759435371 
 0.43195637476433307 
 0.43270237193431244 
 0.43344836910429174 
 0.43419436627427110 
 0.43494036344425047 
 0.43568636061422983 
 0.43643235778420914 
 0.43717835495418850 
 0.43792435212416786 
 0.43867034929414722 
 0.43941634646412647 
 0.44016234363410589 
 0.44090834080408525 
 0.44165433797406461 
 0.44240033514404387 
 0.44314633231402334 
 0.44389232948400270 
 0.44463832665398206 
 0.44538432382396137 
 0.44613032099394073 
 0.44687631816392009 
 0.44762231533389946 
 0.44836831250387876 
 0.44911430967385813 
 0.44986030684383749 
 0.45060630401381685 
 0.45135230118379616 
 0.45209829835377552 
 0.45284429552375488 
 0.45359029269373424 
 0.45433628986371349 
 0.45508228703369291 
 0.45582828420367227 
 0.45657428137365164 
 0.45732027854363089 
 0.45806627571361025 
 0.45881227288358967 
 0.45955827005356903 
 0.46030426722354839 
 0.46105026439352775 
 0.46179626156350712 
 0.46254225873348648 
 0.46328825590346578 
 0.46403425307344515 
 0.46478025024342451 
 0.46552624741340387 
 0.46627224458338318 
 0.46701824175336254 
 0.46776423892334190 
 0.46851023609332126 
 0.46925623326330052 
 0.47000223043327993 
 0.47074822760325929 
 0.47149422477323866 
 0.47224022194321791 
 0.47298621911319727 
 0.47373221628317669 
 0.47447821345315605 
 0.47522421062313530 
 0.47597020779311466 
 0.47671620496309403 
 0.47746220213307350 
 0.47820819930305281 
 0.47895419647303217 
 0.47970019364301153 
 0.48044619081299089 
 0.48119218798297020 
 0.48193818515294956 
 0.48268418232292892 
 0.48343017949290829 
 0.48417617666288754 
 0.48492217383286695 
 0.48566817100284632 
 0.48641416817282568 
 0.48716016534280493 
 0.48790616251278429 
 0.48865215968276371 
 0.48939815685274307 
 0.49014415402272232 
 0.49089015119270168 
 0.49163614836268105 
 0.49238214553266046 
 0.49312814270263972 
 0.49387413987261908 
 0.49462013704259844 
 0.49536613421257791 
 0.49611213138255722 
 0.49685812855253658 
 0.49760412572251594 
 0.49835012289249531 
 0.49909612006247461 
 0.49984211723245398 
 0.50058811440243334 
 0.50133411157241270 
 0.50208010874239195 
 0.50282610591237131 
 0.50357210308235067 
 0.50431810025233004 
 0.50506409742230940 
 0.50581009459228876 
 0.50655609176226812 
 0.50730208893224749 
 0.50804808610222674 
 0.50879408327220610 
 0.50954008044218546 
 0.51028607761216482 
 0.51103207478214419 
 0.51177807195212355 
 0.51252406912210291 
 0.51327006629208238 
 0.51401606346206163 
 0.51476206063204100 
 0.51550805780202036 
 0.51625405497199972 
 0.51700005214197897 
 0.51774604931195833 
 0.51849204648193770 
 0.51923804365191706 
 0.51998404082189642 
 0.52073003799187578 
 0.52147603516185514 
 0.52222203233183451 
 0.52296802950181376 
 0.52371402667179312 
 0.52446002384177248 
 0.52520602101175184 
 0.52595201818173121 
 0.52669801535171057 
 0.52744401252168993 
 0.52819000969166929 
 0.52893600686164866 
 0.52968200403162802 
 0.53042800120160738 
 0.53117399837158674 
 0.53191999554156599 
 0.53266599271154536 
 0.53341198988152472 
 0.53415798705150408 
 0.53490398422148344 
 0.53564998139146280 
 0.53639597856144217 
 0.53714197573142153 
 0.53788797290140078 
 0.53863397007138014 
 0.53937996724135950 
 0.54012596441133887 
 0.54087196158131823 
 0.54161795875129759 
 0.54236395592127695 
 0.54310995309125631 
 0.54385595026123568 
 0.54460194743121493 
 0.54534794460119429 
 0.54609394177117365 
 0.54683993894115301 
 0.54758593611113238 
 0.54833193328111174 
 0.54907793045109110 
 0.54982392762107046 
 0.55056992479104983 
 0.55131592196102919 
 0.55206191913100855 
 0.55280791630098780 
 0.55355391347096716 
 0.55429991064094652 
 0.55504590781092589 
 0.55579190498090525 
 0.55653790215088461 
 0.55728389932086397 
 0.55802989649084334 
 0.55877589366082270 
 0.55952189083080195 
 0.56026788800078131 
 0.56101388517076067 
 0.56175988234074004 
 0.56250587951071929 
 0.56325187668069876 
 0.56399787385067812 
 0.56474387102065748 
 0.56548986819063685 
 0.56623586536061621 
 0.56698186253059557 
 0.56772785970057482 
 0.56847385687055418 
 0.56921985404053355 
 0.56996585121051291 
 0.57071184838049227 
 0.57145784555047163 
 0.57220384272045099 
 0.57294983989043036 
 0.57369583706040972 
 0.57444183423038897 
 0.57518783140036833 
 0.57593382857034769 
 0.57667982574032706 
 0.57742582291030631 
 0.57817182008028578 
 0.57891781725026514 
 0.57966381442024451 
 0.58040981159022376 
 0.58115580876020312 
 0.58190180593018259 
 0.58264780310016184 
 0.58339380027014121 
 0.58413979744012057 
 0.58488579461009993 
 0.58563179178007929 
 0.58637778895005865 
 0.58712378612003802 
 0.58786978329001738 
 0.58861578045999674 
 0.58936177762997599 
 0.59010777479995535 
 0.59085377196993472 
 0.59159976913991408 
 0.59234576630989333 
 0.59309176347987280 
 0.59383776064985216 
 0.59458375781983153 
 0.59532975498981078 
 0.59607575215979014 
 0.59682174932976950 
 0.59756774649974886 
 0.59831374366972812 
 0.59905974083970759 
 0.59980573800968695 
 0.60055173517966631 
 0.60129773234964567 
 0.60204372951962504 
 0.60278972668960440 
 0.60353572385958376 
 0.60428172102956301 
 0.60502771819954237 
 0.60577371536952174 
 0.60651971253950110 
 0.60726570970948035 
 0.60801170687945982 
 0.60875770404943919 
 0.60950370121941855 
 0.61024969838939780 
 0.61099569555937716 
 0.61174169272935652 
 0.61248768989933589 
 0.61323368706931514 
 0.61397968423929450 
 0.61472568140927386 
 0.61547167857925333 
 0.61621767574923259 
 0.61696367291921206 
 0.61770967008919142 
 0.61845566725917078 
 0.61920166442915003 
 0.61994766159912940 
 0.62069365876910876 
 0.62143965593908812 
 0.62218565310906748 
 0.62293165027904684 
 0.62367764744902621 
 0.62442364461900557 
 0.62516964178898482 
 0.62591563895896418 
 0.62666163612894354 
 0.62740763329892291 
 0.62815363046890216 
 0.62889962763888152 
 0.62964562480886099 
 0.63039162197884036 
 0.63113761914881961 
 0.63188361631879897 
 0.63262961348877833 
 0.63337561065875769 
 0.63412160782873706 
 0.63486760499871642 
 0.63561360216869578 
 0.63635959933867514 
 0.63710559650865450 
 0.63785159367863387 
 0.63859759084861323 
 0.63934358801859259 
 0.64008958518857184 
 0.64083558235855120 
 0.64158157952853057 
 0.64232757669850993 
 0.64307357386848918 
 0.64381957103846854 
 0.64456556820844801 
 0.64531156537842738 
 0.64605756254840663 
 0.64680355971838599 
 0.64754955688836535 
 0.64829555405834471 
 0.64904155122832397 
 0.64978754839830333 
 0.65053354556828269 
 0.65127954273826216 
 0.65202553990824152 
 0.65277153707822089 
 0.65351753424820025 
 0.65426353141817961 
 0.65500952858815886 
 0.65575552575813822 
 0.65650152292811759 
 0.65724752009809695 
 0.65799351726807620 
 0.65873951443805556 
 0.65948551160803504 
 0.66023150877801440 
 0.66097750594799365 
 0.66172350311797301 
 0.66246950028795237 
 0.66321549745793174 
 0.66396149462791099 
 0.66470749179789035 
 0.66545348896786971 
 0.66619948613784907 
 0.66694548330782844 
 0.66769148047780780 
 0.66843747764778716 
 0.66918347481776663 
 0.66992947198774588 
 0.67067546915772525 
 0.67142146632770461 
 0.67216746349768397 
 0.67291346066766322 
 0.67365945783764258 
 0.67440545500762206 
 0.67515145217760142 
 0.67589744934758067 
 0.67664344651756003 
 0.67738944368753939 
 0.67813544085751876 
 0.67888143802749801 
 0.67962743519747737 
 0.68037343236745673 
 0.68111942953743609 
 0.68186542670741546 
 0.68261142387739482 
 0.68335742104737418 
 0.68410341821735354 
 0.68484941538733290 
 0.68559541255731216 
 0.68634140972729163 
 0.68708740689727099 
 0.68783340406725024 
 0.68857940123722960 
 0.68932539840720908 
 0.69007139557718844 
 0.69081739274716769 
 0.69156338991714705 
 0.69230938708712642 
 0.69305538425710578 
 0.69380138142708503 
 0.69454737859706439 
 0.69529337576704375 
 0.69603937293702312 
 0.69678537010700248 
 0.69753136727698184 
 0.69827736444696120 
 0.69902336161694056 
 0.69976935878691993 
 0.70051535595689918 
 0.70126135312687854 
 0.70200735029685790 
 0.70275334746683726 
 0.70349934463681663 
 0.70424534180679610 
 0.70499133897677546 
 0.70573733614675471 
 0.70648333331673407 
 0.70722933048671344 
 0.70797532765669280 
 0.70872132482667205 
 0.70946732199665141 
 0.71021331916663077 
 0.71095931633661025 
 0.71170531350658950 
 0.71245131067656886 
 0.71319730784654822 
 0.71394330501652759 
 0.71468930218650695 
 0.71543529935648620 
 0.71618129652646556 
 0.71692729369644492 
 0.71767329086642428 
 0.71841928803640365 
 0.71916528520638301 
 0.71991128237636237 
 0.72065727954634173 
 0.72140327671632110 
 0.72214927388630046 
 0.72289527105627982 
 0.72364126822625907 
 0.72438726539623843 
 0.72513326256621780 
 0.72587925973619716 
 0.72662525690617652 
 0.72737125407615577 
 0.72811725124613524 
 0.72886324841611450 
 0.72960924558609397 
 0.73035524275607333 
 0.73110123992605258 
 0.73184723709603205 
 0.73259323426601131 
 0.73333923143599078 
 0.73408522860597003 
 0.73483122577594950 
 0.73557722294592875 
 0.73632322011590812 
 0.73706921728588737 
 0.73781521445586684 
 0.73856121162584609 
 0.73930720879582545 
 0.74005320596580482 
 0.74079920313578429 
 0.74154520030576354 
 0.74229119747574290 
 0.74303719464572215 
 0.74378319181570163 
 0.74452918898568088 
 0.74527518615566024 
 0.74602118332563949 
 0.74676718049561897 
 0.74751317766559833 
 0.74825917483557769 
 0.74900517200555716 
 0.74975116917553641 
 0.75049716634551578 
 0.75124316351549503 
 0.75198916068547450 
 0.75273515785545375 
 0.75348115502543311 
 0.75422715219541248 
 0.75497314936539184 
 0.75571914653537120 
 0.75646514370535056 
 0.75721114087532981 
 0.75795713804530929 
 0.75870313521528854 
 0.75944913238526801 
 0.76019512955524715 
 0.76094112672522662 
 0.76168712389520599 
 0.76243312106518535 
 0.76317911823516460 
 0.76392511540514407 
 0.76467111257512355 
 0.76541710974510280 
 0.76616310691508216 
 0.76690910408506141 
 0.76765510125504088 
 0.76840109842502013 
 0.76914709559499950 
 0.76989309276497886 
 0.77063908993495833 
 0.77138508710493758 
 0.77213108427491695 
 0.77287708144489620 
 0.77362307861487567 
 0.77436907578485492 
 0.77511507295483428 
 0.77586107012481353 
 0.77660706729479301 
 0.77735306446477237 
 0.77809906163475173 
 0.77884505880473098 
 0.77959105597471046 
 0.78033705314468971 
 0.78108305031466907 
 0.78182904748464854 
 0.78257504465462779 
 0.78332104182460716 
 0.78406703899458652 
 0.78481303616456588 
 0.78555903333454524 
 0.78630503050452460 
 0.78705102767450386 
 0.78779702484448333 
 0.78854302201446258 
 0.78928901918444205 
 0.79003501635442119 
 0.79078101352440067 
 0.79152701069438003 
 0.79227300786435939 
 0.79301900503433864 
 0.79376500220431812 
 0.79451099937429737 
 0.79525699654427684 
 0.79600299371425598 
 0.79674899088423545 
 0.79749498805421470 
 0.79824098522419418 
 0.79898698239417354 
 0.79973297956415290 
 0.80047897673413237 
 0.80122497390411163 
 0.80197097107409099 
 0.80271696824407024 
 0.80346296541404971 
 0.80420896258402896 
 0.80495495975400833 
 0.80570095692398769 
 0.80644695409396705 
 0.80719295126394641 
 0.80793894843392577 
 0.80868494560390503 
 0.80943094277388450 
 0.81017693994386375 
 0.81092293711384311 
 0.81166893428382236 
 0.81241493145380184 
 0.81316092862378120 
 0.81390692579376056 
 0.81465292296373981 
 0.81539892013371928 
 0.81614491730369865 
 0.81689091447367790 
 0.81763691164365737 
 0.81838290881363662 
 0.81912890598361610 
 0.81987490315359524 
 0.82062090032357471 
 0.82136689749355407 
 0.82211289466353354 
 0.82285889183351268 
 0.82360488900349216 
 0.82435088617347141 
 0.82509688334345088 
 0.82584288051343002 
 0.82658887768340950 
 0.82733487485338875 
 0.82808087202336822 
 0.82882686919334747 
 0.82957286636332694 
 0.83031886353330620 
 0.83106486070328567 
 0.83181085787326492 
 0.83255685504324428 
 0.83330285221322353 
 0.83404884938320301 
 0.83479484655318237 
 0.83554084372316173 
 0.83628684089314109 
 0.83703283806312045 
 0.83777883523309982 
 0.83852483240307907 
 0.83927082957305854 
 0.84001682674303779 
 0.84076282391301715 
 0.84150882108299641 
 0.84225481825297588 
 0.84300081542295524 
 0.84374681259293460 
 0.84449280976291385 
 0.84523880693289333 
 0.84598480410287258 
 0.84673080127285194 
 0.84747679844283119 
 0.84822279561281066 
 0.84896879278278992 
 0.84971478995276939 
 0.85046078712274875 
 0.85120678429272811 
 0.85195278146270759 
 0.85269877863268695 
 0.85344477580266642 
 0.85419077297264545 
 0.85493677014262492 
 0.85568276731260418 
 0.85642876448258365 
 0.85717476165256290 
 0.85792075882254237 
 0.85866675599252162 
 0.85941275316250110 
 0.86015875033248046 
 0.86090474750245971 
 0.86165074467243896 
 0.86239674184241844 
 0.86314273901239769 
 0.86388873618237716 
 0.86463473335235641 
 0.86538073052233588 
 0.86612672769231513 
 0.86687272486229450 
 0.86761872203227375 
 0.86836471920225322 
 0.86911071637223269 
 0.86985671354221195 
 0.87060271071219142 
 0.87134870788217067 
 0.87209470505214992 
 0.87284070222212928 
 0.87358669939210865 
 0.87433269656208801 
 0.87507869373206748 
 0.87582469090204673 
 0.87657068807202621 
 0.87731668524200546 
 0.87806268241198471 
 0.87880867958196396 
 0.87955467675194343 
 0.88030067392192279 
 0.88104667109190216 
 0.88179266826188152 
 0.88253866543186099 
 0.88328466260184024 
 0.88403065977181949 
 0.88477665694179874 
 0.88552265411177822 
 0.88626865128175769 
 0.88701464845173694 
 0.88776064562171642 
 0.88850664279169567 
 0.88925263996167514 
 0.88999863713165450 
 0.89074463430163375 
 0.89149063147161300 
 0.89223662864159248 
 0.89298262581157173 
 0.89372862298155120 
 0.89447462015153045 
