   1.0003818260935335
   1.0003818260927317
   1.0003818260807296
   1.0003818260287300
   1.0003818258887236
   1.0003818255934624
   1.0003818250564285
   1.0003818241717892
   1.0003818228143464
   1.0003818208394726
   1.0003818180830402
   1.0003818143613394
   1.0003818094709878
   1.0003818031888285
   1.0003817952718206
   1.0003817854569177
   1.0003817734609388
   1.0003817589804267
   1.0003817416915000
   1.0003817212496913
   1.0003816972897774
   1.0003816694256009
   1.0003816372498773
   1.0003816003339967
   1.0003815582278173
   1.0003815104594738
   1.0003814565351334
   1.0003813959387462
   1.0003813281317928
   1.0003812525530464
   1.0003811686184843
   1.0003810757209617
   1.0003809732298330
   1.0003808604906514
   1.0003807368247775
   1.0003806015290142
   1.0003804538753600
   1.0003802931107233
   1.0003801184573484
   1.0003799291124427
   1.0003797242472670
   1.0003795030067371
   1.0003792645090235
   1.0003790078451837
   1.0003787320790165
   1.0003784362474346
   1.0003781193594390
   1.0003777803962770
   1.0003774183127845
   1.0003770320353060
   1.0003766204603044
   1.0003761824535884
   1.0003757168512335
   1.0003752224641378
   1.0003746980753701
   1.0003741424374155
   1.0003735542717396
   1.0003729322693029
   1.0003722750929462
   1.0003715813757017
   1.0003708497269077
   1.0003700787281831
   1.0003692669271598
   1.0003684128385466
   1.0003675149577178
   1.0003665717590262
   1.0003655816871342
   1.0003645431571229
   1.0003634545600655
   1.0003623142639417
   1.0003611206273233
   1.0003598719869176
   1.0003585666454964
   1.0003572028937384
   1.0003557790250370
   1.0003542933147687
   1.0003527440203792
   1.0003511293900635
   1.0003494476776951
   1.0003476971520668
   1.0003458760594808
   1.0003439826515184
   1.0003420152186628
   1.0003399720591022
   1.0003378514793482
   1.0003356518082269
   1.0003333714391418
   1.0003310087874979
   1.0003285622878684
   1.0003260304650421
   1.0003234118981705
   1.0003207052135916
   1.0003179091111678
   1.0003150224161765
   1.0003120440022168
   1.0003089728531611
   1.0003058080919895
   1.0003025489440416
   1.0002991947482696
   1.0002957450355752
   1.0002921994557128
   1.0002885578240048
   1.0002848201621077
   1.0002809866584494
   1.0002770576941404
   1.0002730339034547
   1.0002689160997242
   1.0002647053600575
   1.0002604030117661
   1.0002560106160820
   1.0002515300330310
   1.0002469633824613
   1.0002423130757736
   1.0002375818276028
   1.0002327726448073
   1.0002278888504328
   1.0002229340784710
   1.0002179122792121
   1.0002128277169058
   1.0002076849841637
   1.0002024889683345
   1.0001972448901832
   1.0001919582498970
   1.0001866348638082
   1.0001812808112600
   1.0001759024501111
   1.0001705063940973
   1.0001650994660447
   1.0001596887362429
   1.0001542814140503
   1.0001488849199751
   1.0001435067402471
   1.0001381545311032
   1.0001328359355472
   1.0001275586986558
   1.0001223304804590
   1.0001171589639970
   1.0001120516806077
   1.0001070160850052
   1.0001020594233538
   1.0000971887459935
   1.0000924108625844
   1.0000877322602846
   1.0000831591568737
   1.0000786973262008
   1.0000743522299462
   1.0000701288266978
   1.0000660316677354
   1.0000620648059173
   1.0000582317762001
   1.0000545356332087
   1.0000509788484619
   1.0000475633910415
   1.0000442906683045
   1.0000411615272375
   1.0000381763010131
   1.0000353347619719
   1.0000326361701648
   1.0000300792875119
   1.0000276623772864
   1.0000253832505068
   1.0000232392830228
   1.0000212274431191
   1.0000193443305807
   1.0000175862041771
   1.0000159490235565
   1.0000144284848718
   1.0000130200525343
   1.0000117190068822
   1.0000105204814533
   1.0000094194922236
   1.0000084109804808
   1.0000074898538409
   1.0000066510153114
   1.0000058893901733
   1.0000051999642789
   1.0000045778168729
   1.0000040181383105
   1.0000035162465231
   1.0000030676245586
   1.0000026679264491
   1.0000023129952991
   1.0000019988749727
   1.0000017218185226
   1.0000014782948661
   1.0000012649928387
   1.0000010788225275
   1.0000009169148489
   1.0000007766181811
   1.0000006554936824
   1.0000005513090475
   1.0000004620309502
   1.0000003858164870
   1.0000003210030195
   1.0000002660979594
   1.0000002197679179
   1.0000001808274033
   1.0000001482275440
   1.0000001210449168
   1.0000000984705542
   1.0000000797991038
   1.0000000644187432
   1.0000000518013374
   1.0000000414931380
   1.0000000331063821
   1.0000000263112645
   1.0000000208286548
   1.0000000164235210
   1.0000000128989321
   1.0000000100906945
   1.0000000078626055
   1.0000000061022294
   1.0000000047172237
   1.0000000036321122
   1.0000000027855183
   1.0000000021277742
   1.0000000016188815
   1.0000000012267936
   1.0000000009259515
   1.0000000006960770
   1.0000000005211533
   1.0000000003885927
   1.0000000002885496
   1.0000000002133571
   1.0000000001570759
   1.0000000001151235
   1.0000000000839819
   1.0000000000609626
   1.0000000000440188
   1.0000000000316012
   1.0000000000225402
   1.0000000000159579
   1.0000000000111982
   1.0000000000077720
   1.0000000000053173
   1.0000000000035663
   1.0000000000023228
   1.0000000000014424
   1.0000000000008213
   1.0000000000003826
   1.0000000000000719
   0.9999999999998503
   0.9999999999996895
   0.9999999999995697
   0.9999999999994771
   0.9999999999994023
   0.9999999999993382
   0.9999999999992810
   0.9999999999992273
   0.9999999999991754
   0.9999999999991244
   0.9999999999990734
   0.9999999999990225
   0.9999999999989712
   0.9999999999989200
   0.9999999999988689
   0.9999999999988182
   0.9999999999987679
   0.9999999999987184
   0.9999999999986701
   0.9999999999986229
   0.9999999999985771
   0.9999999999985331
   0.9999999999984904
   0.9999999999984498
   0.9999999999984109
   0.9999999999983739
   0.9999999999983389
   0.9999999999983059
   0.9999999999982747
   0.9999999999982456
   0.9999999999982185
   0.9999999999981931
   0.9999999999981695
   0.9999999999981478
   0.9999999999981277
   0.9999999999981093
   0.9999999999980923
   0.9999999999980770
   0.9999999999980630
   0.9999999999980502
   0.9999999999980388
   0.9999999999980285
   0.9999999999980193
   0.9999999999980110
   0.9999999999980036
   0.9999999999979971
   0.9999999999979914
   0.9999999999979864
   0.9999999999979820
   0.9999999999979782
   0.9999999999979750
   0.9999999999979722
   0.9999999999979699
   0.9999999999979680
   0.9999999999979663
   0.9999999999979651
   0.9999999999979641
   0.9999999999979634
   0.9999999999979630
   0.9999999999979629
