   0.0000000000000000
   0.0000496588478771
   0.0001986403462369
   0.0004469593591248
   0.0007946406594810
   0.0012417189284334
   0.0017882387542991
   0.0024342546312882
   0.0031798309578967
   0.0040250420349784
   0.0049699720634795
   0.0060147151418181
   0.0071593752628913
   0.0084040663106831
   0.0097489120564539
   0.0111940461544803
   0.0127396121373178
   0.0143857634105539
   0.0161326632470163
   0.0179804847804003
   0.0199294109982741
   0.0219796347344207
   0.0241313586604698
   0.0263847952767737
   0.0287401667722657
   0.0311977043548972
   0.0337576485226637
   0.0364202492272617
   0.0391857658259080
   0.0420544668729676
   0.0450266286845148
   0.0481025356126872
   0.0512824806079396
   0.0545667651198749
   0.0579556993782479
   0.0614496024899318
   0.0650488018966552
   0.0687536329279248
   0.0725644342523930
   0.0764815477859967
   0.0805053215413949
   0.0846361096974551
   0.0888742727538334
   0.0932201767981964
   0.0976741919316098
   0.1022366882532879
   0.1069080383815168
   0.1116886155569024
   0.1165787875964734
   0.1215789216480095
   0.1266893864319345
   0.1319105525826654
   0.1372427883136763
   0.1426864448151142
   0.1482418617310712
   0.1539093732929590
   0.1596893077877113
   0.1655819836949565
   0.1715877014515010
   0.1777067463096436
   0.1839393747078909
   0.1902858202702796
   0.1967463038080725
   0.2033210293681305
   0.2100101574578349
   0.2168138060441718
   0.2237320650365857
   0.2307649937393627
   0.2379126082800448
   0.2451748787179300
   0.2525517086695483
   0.2600429501685517
   0.2676484176466356
   0.2753678569573026
   0.2832009236037427
   0.2911472082434876
   0.2992062336300439
   0.3073774399282180
   0.3156601682348695
   0.3240536486619649
   0.3325570346907900
   0.3411693736798526
   0.3498895718324196
   0.3587164220838860
   0.3676485988569058
   0.3766846419381515
   0.3858229243370510
   0.3950616783256915
   0.4043989943045961
   0.4138327698397877
   0.4233607311258273
   0.4329804310131559
   0.4426892302387137
   0.4524842718464140
   0.4623625080619271
   0.4723206723511953
   0.4823552649870218
   0.4924625612312235
   0.5026385983754161
   0.5128791633302724
   0.5231797912366739
   0.5335357589544302
   0.5439420806237658
   0.5543934979771189
   0.5648844755984024
   0.5754092177363822
   0.5859616267533152
   0.5965353408947747
   0.6071237253890185
   0.6177198343070887
   0.6283164935156614
   0.6389062211053799
   0.6494812794085921
   0.6600337042632585
   0.6705552227419277
   0.6810374037573448
   0.6914715380387799
   0.7018487330370390
   0.7121599445022429
   0.7223958834190460
   0.7325472344666718
   0.7426044606562333
   0.7525580294813833
   0.7623982906141290
   0.7721156214599588
   0.7817003965234312
   0.7911430329834535
   0.8004340950651754
   0.8095642069651103
   0.8185242666747906
   0.8273053036980292
   0.8358987277463991
   0.8442961523930371
   0.8524896773315751
   0.8604717085895829
   0.8682352183321728
   0.8757735905452443
   0.8830808430492732
   0.8901515225633444
   0.8969808563559744
   0.9035647212684623
   0.9098996902703006
   0.9159830944110110
   0.9218129697532851
   0.9273881909065419
   0.9327083512219041
   0.9377738915680246
   0.9425860099114346
   0.9471467065727933
   0.9514587592030933
   0.9555256894563455
   0.9593517649174025
   0.9629419413748275
   0.9663018437545660
   0.9694377068366179
   0.9723563466153190
   0.9750650846300678
   0.9775716993475750
   0.9798843855358885
   0.9820116463927504
   0.9839622654000558
   0.9857452445610412
   0.9873696915734728
   0.9888448002268736
   0.9901797883433621
   0.9913837883163977
   0.9924658287396247
   0.9934347914470609
   0.9942993186917531
   0.9950677848078264
   0.9957482799638011
   0.9963485528788597
   0.9968759735694635
   0.9973375258306406
   0.9977397993410023
   0.9980889606800297
   0.9983907411846414
   0.9986504520487596
   0.9988729960106005
   0.9990628479753657
   0.9992240859941755
   0.9993604006493032
   0.9994751131150285
   0.9995711957422584
   0.9996512930770451
   0.9997177442201387
   0.9997726061679321
   0.9998176769488203
   0.9998545193967542
   0.9998844838776279
   0.9999087302175620
   0.9999282485570998
   0.9999438789276894
   0.9999563299472969
   0.9999661956286294
   0.9999739708501092
   0.9999800653980725
   0.9999848165036953
   0.9999884999386443
   0.9999913397837060
   0.9999935170291956
   0.9999951768723032
   0.9999964350854100
   0.9999973834110169
   0.9999980940545644
   0.9999986234924093
   0.9999990156214380
   0.9999993043329458
   0.9999995156255378
   0.9999996693202862
   0.9999997804231021
   0.9999998602295938
   0.9999999171797173
   0.9999999575466163
   0.9999999859567512
   1.0000000058047049
   1.0000000195627350
   1.0000000290205795
   1.0000000354660377
   1.0000000398182569
   1.0000000427309272
   1.0000000446633612
   1.0000000459385041
   1.0000000467791355
   1.0000000473398283
   1.0000000477249946
   1.0000000480053004
   1.0000000482276925
   1.0000000484217402
   1.0000000486074765
   1.0000000487946301
   1.0000000489911944
   1.0000000491975092
   1.0000000494164754
   1.0000000496442565
   1.0000000498816619
   1.0000000501234334
   1.0000000503693582
   1.0000000506143580
   1.0000000508573919
   1.0000000510945304
   1.0000000513238394
   1.0000000515429897
   1.0000000517492613
   1.0000000519417713
   1.0000000521176005
   1.0000000522765078
   1.0000000524164043
   1.0000000525366168
   1.0000000526366766
   1.0000000527151383
   1.0000000527726989
   1.0000000528083277
   1.0000000528220385
   1.0000000528150752
   1.0000000527854707
   1.0000000527362720
   1.0000000526660704
   1.0000000525756785
   1.0000000524681019
   1.0000000523401560
   1.0000000521963890
   1.0000000520369703
   1.0000000518601531
   1.0000000516718446
   1.0000000514698792
   1.0000000512543750
   1.0000000510313982
   1.0000000507980547
   1.0000000505545954
   1.0000000503073128
   1.0000000500546438
   1.0000000497945361
   1.0000000495330281
   1.0000000492723438
   1.0000000490080843
   1.0000000487429426
   1.0000000484819009
   1.0000000482255254
   1.0000000479701778
   1.0000000477180842
   1.0000000474731701
   1.0000000472374335
   1.0000000470094186
   1.0000000467875314
   1.0000000465738634
   1.0000000463707877
   1.0000000461799363
   1.0000000460018301
   1.0000000458360536
   1.0000000456818834
   1.0000000455398967
   1.0000000454110498
   1.0000000452961848
   1.0000000451959248
   1.0000000451106763
   1.0000000450406994
   1.0000000449861584
   1.0000000449471491
   1.0000000449237236
   1.0000000449159117
