-3.63901086347362050 
-3.62985710155958060 
-3.57897720474189680 
-3.48729633872802620 
-3.35594758047636210 
-3.18625816749773440 
-2.97987508034109890 
-2.73994925961515310 
-2.47045523358373840 
-2.17556705896732310 
-1.85977605582682330 
-1.52756024287097560 
-1.18366153977612190 
-0.83271885059507855 
-0.47757412146799133 
-0.11914034449758412 
 0.24179523642628151 
 0.60446829449487649 
 0.96821282807360409 
 1.33247307065036290 
 1.69670898135613760 
 2.06039098996805860 
 2.42299450771885280 
 2.78394254302322650 
 3.14264101847146990 
 3.49852095744586840 
 3.85103992605396290 
 4.19968758215374200 
 4.54399477993531150 
 4.88352136860185130 
 5.21785398786265200 
 5.54660652699138000 
 5.86942033287857520 
 6.18596438958984950 
 6.49593586577081790 
 6.79906029599174570 
 7.09509164629460280 
 7.38381113041330470 
 7.66502228628223660 
 7.93855588241830730 
 8.20427197086384830 
 8.46205952595460080 
 8.71183539238351300 
 8.95353708361900220 
 9.18712595760298530 
 9.41259204905406040 
 9.62995332573060380 
 9.83925580621904490 
10.04059787467891100 
10.23412553728995500 
10.42000066743508100 
10.59839912004577800 
10.76951039861429200 
10.93353730672069800 
11.09069568732491400 
11.24121752807623400 
11.38535065675788100 
11.52335352623250300 
11.65549466561597700 
11.78205244658403000 
11.90331484221747100 
12.01957917855548700 
12.13115185072126300 
12.23834742489329500 
12.34148847659969700 
12.44090602815092300 
12.53693925107588000 
12.62990349344833000 
12.71991659799947700 
12.80701868312543300 
12.89125215220801500 
12.97266387356007100 
13.05130402780362100 
13.12722438510606800 
13.20047824226734300 
13.27112039170065200 
13.33920708985573400 
13.40479602509705400 
13.46794628504973400 
13.52871832342589400 
13.58717400994396500 
13.64337697074396900 
13.69739217119924200 
13.74928569676363600 
13.79912472719694500 
13.84697751073813200 
13.89291333796396100 
13.93700251534038200 
13.97931633847387200 
14.01992706507023500 
14.05890788773732300 
14.09633293406796600 
14.13227726676506500 
14.16681679407981800 
14.20002823423747200 
14.23198908902597300 
14.26277761716221800 
14.29247280744241700 
14.32115435168327100 
14.34890261746059200 
14.37579862065208400 
14.40192401455104100 
14.42736130379973100 
14.45219373642021700 
14.47650507003986500 
14.50037955408463800 
14.52390191812625500 
14.54715736016196800 
14.57023153482818700 
14.59321016530989800 
14.61614878246937500 
14.63905036524592200 
14.66191268004985700 
14.68473348836293700 
14.70751054698981400 
14.73024160839442200 
14.75292442815860900 
14.77555677066902200 
14.79813639770159700 
14.82066106734493100 
14.84312853424013000 
14.86553654982147800 
14.88788286255792800 
14.91016521819541500 
14.93238135999991400 
14.95452902900129100 
14.97660596423785200 
14.99860990300162900 
15.02053858108434200 
15.04238973302830100 
15.06416112015078600 
15.08585059596083900 
15.10745603091837300 
15.12897529260332500 
15.15040624584252000 
15.17174675283687300 
15.19299467328892000 
15.21414786453068200 
15.23520418165180800 
15.25616147762806600 
15.27701760345011400 
15.29777040825257300 
15.31841773944338500 
15.33895744283346500 
15.35938736276661500 
15.37970534224972300 
15.39990922308322200 
15.41999684798656900 
15.43996608136427200 
15.45981480053571400 
15.47954088132376400 
15.49914219791185800 
15.51861662293774200 
15.53796202758737800 
15.55717628168904700 
15.57625725380759900 
15.59520281133887200 
15.61401082060428900 
15.63267914694559500 
15.65120565481976700 
15.66958820789405700 
15.68782466914120600 
15.70591291649091100 
15.72385206948030300 
15.74164337765865400 
15.75928830529807300 
15.77678832503601200 
15.79414493583840900 
15.81135965233827900 
15.82843399394166400 
15.84536948468500700 
15.86216765318589900 
15.87883003259369700 
15.89535816054005200 
15.91175357908933700 
15.92801783468899200 
15.94415247811974400 
15.96015906444574700 
15.97603915296464400 
15.99179430715749300 
16.00742609463865300 
16.02293608710553500 
16.03832586028828900 
16.05359699389939400 
16.06875107158315100 
16.08378968086511300 
16.09871441322215400 
16.11352686880483600 
16.12822865779359200 
16.14282139414499500 
16.15730669509819600 
16.17168618113764800 
16.18596147595579600 
16.20013420641567900 
16.21420600251352800 
16.22817849734122900 
16.24205332704881900 
16.25583213080688300 
16.26951655076888400 
16.28310823203348100 
16.29660882260676000 
16.31001997336444400 
16.32334333801402300 
16.33658057305685700 
16.34973333775021600 
16.36280329406928000 
16.37579210666908100 
16.38870144293088400 
16.40153297743217900 
16.41428839403914400 
16.42696937943254900 
16.43957762251471500 
16.45211481438762400 
16.46458264833100300 
16.47698281978036400 
16.48931702630504900 
16.50158696758622400 
16.51379434539488500 
16.52594086356977600 
16.53802822799536500 
16.55005814657973700 
16.56203232923247600 
16.57395248784253600 
16.58582033625609100 
16.59763759025434700 
16.60940596753132700 
16.62112718767166400 
16.63280297212835600 
16.64443504420047400 
16.65602512901089200 
16.66757495348396700 
16.67908624632320500 
16.69056073798890000 
16.70200016141487600 
16.71340625433151700 
16.72478058663680400 
16.73612369981169600 
16.74743575072581000 
16.75871689584687000 
16.76996729190793200 
16.78118709590582100 
16.79237646509964300 
16.80353555700923400 
16.81466452941363000 
16.82576354034955200 
16.83683274810985300 
16.84787231124199600 
16.85888238854651900 
16.86986313907549100 
16.88081472213097500 
16.89173729726348600 
16.90263102427045900 
16.91349606319468500 
16.92433257432278600 
16.93514071818366400 
16.94592065554694200 
16.95667254742142700 
16.96739655505354700 
16.97809283992582200 
16.98876156375528300 
16.99940288856006600 
17.01001697819821200 
17.02060399837074200 
17.03116411504487700 
17.04169749437947300 
17.05220430272403900 
17.06268470661774500 
17.07313887278840500 
17.08356696815152600 
17.09396915980928000 
17.10434561504952800 
17.11469650134482000 
17.12502198635139900 
17.13532223790819800 
17.14559742403585900 
17.15584771293571700 
17.16607327298881500 
17.17627427275488500 
17.18645088097137800 
17.19660326655243300 
17.20673159858789300 
17.21683604634229100 
17.22691677925385200 
17.23697396693349400 
17.24700777916381300 
17.25701838589807800 
17.26700595725923600 
17.27697066353889000 
17.28691267519629400 
17.29683216285744900 
17.30672929758155100 
17.31660425144347200 
17.32645719684117200 
17.33628830632346100 
17.34609775258922700 
17.35588570848668900 
17.36565234701258100 
17.37539784131140800 
17.38512236467464300 
17.39482609053997600 
17.40450919249050800 
17.41417184425400300 
17.42381421970209100 
17.43343649284948400 
17.44303883785321600 
17.45262142901183500 
17.46218444076464800 
17.47172804769093400 
17.48125242450915500 
17.49075774607616300 
17.50024418738645000 
17.50971192357133800 
17.51916112989819800 
17.52859198176967200 
17.53800465472289700 
17.54739932442869900 
17.55677616669082000 
17.56613535744513000 
17.57547707275884400 
17.58480148883090200 
17.59410878240422700 
17.60339913136842300 
17.61267271388500800 
17.62192970823126700 
17.63117029279976600 
17.64039464609789600 
17.64960294674738300 
17.65879537348381900 
17.66797210515618500 
17.67713332072636900 
17.68627919926871400 
17.69540991996950700 
17.70452566212653200 
17.71362660514858000 
17.72271292855496600 
17.73178481197506800 
17.74084243514784000 
17.74988597792133400 
17.75891562025222800 
17.76793154220532900 
17.77693392395313100 
17.78592294577529400 
17.79489878805819800 
17.80386163129444600 
17.81281165608238500 
17.82174904312563900 
17.83067397323261700 
17.83958662731603800 
17.84848718639244300 
17.85737583158172400 
17.86625274410625200 
17.87511810522854500 
17.88397209618335300 
17.89281489829157200 
17.90164669297608700 
17.91046766176127000 
17.91927798627245100 
17.92807784823536800 
17.93686742947566200 
17.94564691191834900 
17.95441645959345700 
17.96317613792434300 
17.97192597871453400 
17.98066601376779900 
17.98939627491668200 
17.99811679402241200 
18.00682760297478400 
18.01552873369207600 
18.02422021812092700 
18.03290208823624500 
18.04157437604111500 
18.05023711356667000 
18.05889033287202100 
18.06753406604412900 
18.07616834519770800 
18.08479320247513300 
18.09340867004633700 
18.10201478010868200 
18.11061156488689900 
18.11919905663295100 
18.12777728762593900 
18.13634629017201000 
18.14490609660905900 
18.15345673941605000 
18.16199825121425700 
18.17053066465572900 
18.17905401241795400 
18.18756832720377800 
18.19607364174131400 
18.20456998878383800 
18.21305740110970800 
18.22153591152224500 
18.23000555284968600 
18.23846635794504700 
18.24691835968605600 
18.25536159097503500 
18.26379608473883900 
18.27222187392874300 
18.28063899152034100 
18.28904747051347000 
18.29744734393211700 
18.30583864482429500 
18.31422140626200000 
18.32259566134106500 
18.33096144318111000 
18.33931878492541000 
18.34766771974084100 
18.35600828081774700 
18.36434050136987800 
18.37266441463426900 
18.38098005387117300 
18.38928745236394100 
18.39758664341895800 
18.40587766036550800 
18.41416053656362800 
18.42243530573151800 
18.43070200206104700 
18.43896065979535600 
18.44721131319666100 
18.45545399654620800 
18.46368874414420700 
18.47191559030977400 
18.48013456938088300 
18.48834571571428900 
18.49654906368549200 
18.50474464768866400 
18.51293250213660700 
18.52111266146067300 
18.52928516011072800 
18.53745003255507100 
18.54560731328040600 
18.55375703679175500 
18.56189923761241900 
18.57003395028390700 
18.57816120936589500 
18.58628104943614900 
18.59439350509048300 
18.60249861094268600 
18.61059640162447000 
18.61868691178542400 
18.62677017609293600 
18.63484622923215600 
18.64291510590590700 
18.65097684083465900 
18.65903146875645600 
18.66707902442686200 
18.67511954261889100 
18.68315305811931300 
18.69117960561803200 
18.69919921968876500 
18.70721193491573000 
18.71521778590123800 
18.72321680726564700 
18.73120903364725400 
18.73919449970225800 
18.74717324010467600 
18.75514528954627400 
18.76311068273648500 
18.77106945440236200 
18.77902163928848700 
18.78696727215691500 
18.79490638778708300 
18.80283902097577500 
18.81076520653700300 
18.81868497930198500 
18.82659837411903700 
18.83450542585352500 
18.84240616938778200 
18.85030063962104700 
18.85818887146938400 
18.86607089986561900 
18.87394675975926000 
18.88181648611644200 
18.88968011391983700 
18.89753767816859700 
18.90538921387828000 
18.91323475608077600 
18.92107433982423400 
18.92890800017299900 
18.93673577220753800 
18.94455769102128100 
18.95237379156241500 
18.96018410855838400 
18.96798867673474100 
18.97578753083407900 
18.98358070561597400 
18.99136823585687100 
18.99915015634998700 
19.00692650190524400 
19.01469730734915900 
19.02246260752475800 
19.03022243729148100 
19.03797683152509600 
19.04572582511761400 
19.05346945297717200 
19.06120775002796800 
19.06894075121015300 
19.07666849147976200 
19.08439100580858700 
19.09210832918411400 
19.09982049660941800 
19.10752754310308200 
19.11522950369909100 
19.12292641344674100 
19.13061830741057500 
19.13830522067025100 
19.14598718832047600 
19.15366424547090700 
19.16133642724605600 
19.16900376878519900 
19.17666630524230000 
19.18432407178588400 
19.19197710359898300 
19.19962543587902100 
19.20726910389618400 
19.21490814320129600 
19.22254258943442900 
19.23017247824869000 
19.23779784531012600 
19.24541872629766800 
19.25303515690305300 
19.26064717283073700 
19.26825480979785600 
19.27585810353411900 
19.28345708978175600 
19.29105180429543900 
19.29864228284220200 
19.30622856120138300 
19.31381067516454700 
19.32138866053540100 
19.32896255312973500 
19.33653238877535000 
19.34409820331197600 
19.35166003259120200 
19.35921791247640300 
19.36677187884267300 
19.37432196757674800 
19.38186821457693300 
19.38941065575302500 
19.39694932702624900 
19.40448426432918400 
19.41201550360567700 
19.41954308081078300 
19.42706703191042200 
19.43458739282974100 
19.44210419939214400 
19.44961748741743100 
19.45712729273659000 
19.46463365119171800 
19.47213659863594200 
19.47963617093331800 
19.48713240395878200 
19.49462533359803400 
19.50211499574747300 
19.50960142631412000 
19.51708466121552700 
19.52456473637968800 
19.53204168774497500 
19.53951555126003800 
19.54698636288373600 
19.55445415858504200 
19.56191897434297600 
19.56938084614650800 
19.57683980999449200 
19.58429590189556500 
19.59174915786806900 
19.59919961393998700 
19.60664730614883700 
19.61409227054160100 
19.62153454317464700 
19.62897416011363200 
19.63641115743096300 
19.64384557100168400 
19.65127743635100500 
19.65870678897795900 
19.66613366439128900 
19.67355809810937800 
19.68098012566008100 
19.68839978258066700 
19.69581710441766700 
19.70323212672677100 
19.71064488507273200 
19.71805541502921600 
19.72546375217872200 
19.73286993211245700 
19.74027399043021800 
19.74767596274028500 
19.75507588465930200 
19.76247379181216600 
19.76986971983191300 
19.77726370435960800 
19.78465578104422600 
19.79204598554253300 
19.79943435351899700 
19.80682092064564200 
19.81420572260195100 
19.82158879507475600 
19.82897017375811500 
19.83634989435320500 
19.84372799256162200 
19.85110450393862900 
19.85847946389211700 
19.86585290783013100 
19.87322487116751500 
19.88059538932580800 
19.88796449773308000 
19.89533223182384000 
19.90269862703887300 
19.91006371882513200 
19.91742754263559300 
19.92479013392914000 
19.93215152817040400 
19.93951176082967100 
19.94687086738273200 
19.95422888331074400 
19.96158584410011700 
19.96894178524237500 
19.97629674223402700 
19.98365075057642700 
19.99100384577565500 
19.99835606334239600 
20.00570743879177700 
20.01305800764327000 
20.02040780542054000 
20.02775686765132300 
20.03510522986729800 
20.04245292760394300 
20.04979999638056000 
20.05714647155873500 
20.06449238842509800 
20.07183778226913500 
20.07918268838354700 
20.08652714206409600 
20.09387117860947900 
20.10121483332118000 
20.10855814150331600 
20.11590113846250100 
20.12324385950770300 
20.13058633995008900 
20.13792861510289400 
20.14527071947735200 
20.15261262025218900 
20.15995416745972300 
20.16729519939379100 
20.17463555434413900 
20.18197507059699400 
20.18931358643569100 
20.19665094014126400 
20.20398696999304600 
20.21132151426927200 
20.21865441124769800 
20.22598549920617800 
20.23331461642327500 
20.24064160117886900 
20.24796629174620200 
20.25528852595614300 
20.26260814099072500 
20.26992497398544300 
20.27723886208224600 
20.28454964243036000 
20.29185715218715600 
20.29916122851901500 
20.30646170860215700 
20.31375842962352300 
20.32105122878160200 
20.32833994328729300 
20.33562441036477300 
20.34290446725233200 
20.35017995120323100 
20.35745069948656300 
20.36471654938809900 
20.37197733821114200 
20.37923290327738000 
20.38648308192774300 
20.39372771152325500 
20.40096662944587900 
20.40819967309938200 
20.41542667991018300 
20.42264748732820200 
20.42986193282771600 
20.43706985390821600 
20.44427108809513200 
20.45146547274015300 
20.45865284461319800 
20.46583304040044000 
20.47300589682142700 
20.48017125063012500 
20.48732893861600600 
20.49447879760507600 
20.50162066446094400 
20.50875437608588200 
20.51587976942186800 
20.52299668145165500 
20.53010494919981400 
20.53720440973380000 
20.54429490016501300 
20.55137625764983500 
20.55844831939069200 
20.56551092263712400 
20.57256390468681300 
20.57960710288666200 
20.58664035463383600 
20.59366349737682000 
20.60067636861646500 
20.60767880590706400 
20.61467064685737700 
20.62165172905817900 
20.62862188967992300 
20.63558096576355900 
20.64252879441305300 
20.64946521279709300 
20.65639005815032500 
20.66330316777455800 
20.67020437903999400 
20.67709352938645400 
20.68397045632457300 
20.69083499743705100 
20.69768699037984300 
20.70452627288338800 
20.71135268275384400 
20.71816605787427400 
20.72496623620588000 
20.73175305578923000 
20.73852635474544600 
20.74528597127745400 
20.75203174367116400 
20.75876351029672100 
20.76548110960969500 
20.77218438015212200 
20.77887316025655900 
20.78554728744213500 
20.79220659915725700 
20.79885093295416000 
20.80548012649048000 
20.81209401753075700 
20.81869244394799200 
20.82527524372516600 
20.83184225495679000 
20.83839331585043200 
20.84492826472823200 
20.85144694002846300 
20.85794918030704200 
20.86443482423906900 
20.87090371062035700 
20.87735567836894600 
20.88379056652666700 
20.89020821426061400 
20.89660846086473700 
20.90299114576130900 
20.90935610850248600 
20.91570318867034900 
20.92203222391358600 
20.92834305011271900 
20.93463550325750300 
20.94090941952409700 
20.94716463527759500 
20.95340098707459100 
20.95961831166571100 
20.96581644599817200 
20.97199522721832600 
20.97815449267419300 
20.98429407991800500 
20.99041382670876000 
20.99651357101472700 
21.00259315101601800 
21.00865240510709600 
21.01469117189931500 
21.02070929022345100 
21.02670659913222600 
21.03268293789344800 
21.03863814548327600 
21.04457206033680800 
21.05048452107561400 
21.05637536657558700 
21.06224443596979500 
21.06809156865135800 
21.07391660427630200 
21.07971938276643800 
21.08549974431220500 
21.09125752937554300 
21.09699257869275300 
21.10270473327730700 
21.10839383442276000 
21.11405972370554800 
21.11970224298784900 
21.12532123442042200 
21.13091654044545100 
21.13648800379936100 
21.14203546751126000 
21.14755877275705500 
21.15305775545697400 
21.15853225107386100 
21.16398209553136000 
21.16940712521912700 
21.17480717699801900 
21.18018208820528900 
21.18553169665977600 
21.19085584066707300 
21.19615435902469600 
21.20142709102725200 
21.20667387647156600 
21.21189455566186100 
21.21708860889049900 
21.22225146610588100 
21.22737601415584100 
21.23245510730588500 
21.23748160242176700 
21.24244836425441800 
21.24734826754605500 
21.25217419740860000 
21.25691904970163600 
21.26157573140980600 
21.26613716101971000 
21.27059626889623400 
21.27494599765835300 
21.27917930255434300 
21.28328915183641700 
21.28726852713473500 
21.29111042383085100 
21.29480785139785200 
21.29835383191818800 
21.30174139989258100 
21.30496360579679300 
21.30801351683174600 
21.31088421739620400 
21.31356880955853900 
21.31606041352753400 
21.31835216812217100 
21.32043723124046900 
21.32230878032721900 
21.32396001284073600 
21.32538414671847300 
21.32657442084158500 
21.32752409549832600 
21.32822645285360600 
21.32867479743899300 
21.32886245640581500 
21.32878277985478400 
21.32842914127336400 
21.32779517362395400 
21.32687549709475100 
21.32566499979097000 
21.32415859122932400 
21.32235120267873500 
21.32023778750004800 
21.31781332148469600 
21.31507280319225100 
21.31201125428692200 
21.30862371987284500 
21.30490526818287100 
21.30085098125386300 
21.29645595386916000 
21.29171529920024100 
21.28662414906100200 
21.28117765400857300 
21.27537098344379600 
21.26919932571131300 
21.26265788819926400 
21.25574189743865700 
21.24844659920229600 
21.24076725860339100 
21.23269916019373600 
21.22423760806154300 
21.21537792592885200 
21.20611545724860000 
21.19644556593080500 
21.18636363967248600 
21.17586508830964900 
21.16494534276977300 
21.15359985519351600 
21.14182557783883400 
21.12962777947069900 
21.11701461233771900 
21.10399421212046200 
21.09057469474220900 
21.07676415618189100 
21.06257067228769800 
21.04800229859132400 
21.03306707012288600 
21.01777300122646300 
21.00212808537010300 
20.98614028406099800 
20.96981750269859300 
20.95316761507814700 
20.93619846948221100 
20.91891788873298500 
20.90133367024461800 
20.88345358607538700 
20.86528538297984900 
20.84683678246088000 
20.82811548082165500 
20.80912914921754400 
20.78988543370794100 
20.77039195530800000 
20.75065631004032000 
20.73068606898653200 
20.71048877756263800 
20.69007190710658900 
20.66944282368714900 
20.64860885649637000 
20.62757730503336300 
20.60635543962516900 
20.58495050194593300 
20.56336970553445900 
20.54162023631005200 
20.51970925308678400 
20.49764388808616300 
20.47543124744819200 
20.45307841174090800 
20.43059243646841200 
20.40798035257734700 
20.38524916696192300 
20.36240586086263300 
20.33945737045722200 
20.31641059585368900 
20.29327241435443000 
20.27004968123614900 
20.24674923035898600 
20.22337787477407600 
20.19994240732946300 
20.17644960127455500 
20.15290621086302600 
20.12931897195423800 
20.10569460261324100 
20.08203980370942100 
20.05836125951371000 
20.03466563829452300 
20.01095959291239600 
19.98724977312153700 
19.96354285912309100 
19.93984552806341200 
19.91616444379381800 
19.89250625726738200 
19.86887760693496600 
19.84528511914051300 
19.82173540851566400 
19.79823507837363300 
19.77479072110244500 
19.75140891855747000 
19.72809624245334300 
19.70485925475519900 
19.68170450806935500 
19.65863854603333000 
19.63566790370531800 
19.61279910795306900 
19.59003867784221200 
19.56739312502405400 
19.54486895439455200 
19.52247268350114600 
19.50021085481759200 
19.47809000656977200 
19.45611666994955900 
19.43429736933754600 
19.41263862252555900 
19.39114694093883200 
19.36982882985798000 
19.34869078864070200 
19.32773931094324400 
19.30698088494157000 
19.28642199355235600 
19.26606911465370700 
19.24592872130567000 
19.22600728197051000 
19.20631126073276100 
19.18684711751906100 
19.16762130831781600 
19.14864028539861000 
19.12991049753143700 
19.11143839020574500 
19.09323040584928000 
19.07529298404675800 
19.05763256175834600 
19.04025557353797300 
19.02316845175148800 
19.00637762679461000 
18.98988952816423700 
18.97371059732449800 
18.95784728406587400 
18.94230603529565800 
18.92709329482059400 
18.91221550345875400 
18.89767909915137200 
18.88349051707462700 
18.86965618975127900 
18.85618254716230500 
18.84307601685841100 
18.83034302407151000 
18.81798999182606700 
18.80602334105048000 
18.79444949068827200 
18.78327485780931700 
18.77250585772094000 
18.76214890407896300 
18.75221040899872800 
18.74269678316600400 
18.73361443594785700 
18.72496977550348500 
18.71676920889494200 
18.70901914219787400 
18.70172598061213500 
18.69489612857238800 
18.68853598985864700 
18.68265196770676400 
18.67725046491887400 
18.67233788397376800 
18.66792062713726000 
18.66400509657247800 
18.66059769445010000 
18.65770482305860900 
18.65533288491441500 
18.65348828287201500 
18.65217742023408200 
18.65140670086150700 
18.65118252928341700 
18.65151131073998800 
18.65239945051799700 
18.65385335324124200 
18.65587942285877100 
18.65848406270534100 
18.66167367556187900 
18.66545466371587000 
18.66983342902177200 
18.67481637296139900 
18.68040989670427300 
18.68662040116797500 
18.69345428707846000 
18.70091795503036300 
18.70901780554730100 
18.71776023914213400 
18.72715165637722400 
18.73719845792466600 
18.74790704462653000 
18.75928381755505100 
18.77133517807283500 
18.78406752789302600 
18.79748726913948400 
18.81160080440691800 
18.82641453682104800 
18.84193487009869700 
18.85816820860793900 
18.87512095742817000 
18.89279952241020100 
18.91121031023634200 
18.93035972848046500 
18.95025418566805800 
18.97090009133626500 
18.99230385609392600 
19.01447189168158400 
19.03741061103153200 
19.06112642832779600 
19.08562575906613600 
19.11091502011404600 
19.13700062977073600 
19.16388900782708400 
19.19158657562564900 
19.22009975612058600 
19.24943497393765300 
19.27959865543410300 
19.31059722875868800 
19.34243712391155900 
19.37512477280423100 
19.40866660931948600 
19.44306906937133300 
19.47833859096490300 
19.51448161425641800 
19.55150458161304500 
19.58941393767289400 
19.62821612940483000 
19.66791760616852300 
19.70852481692968900 
19.75004415465696900 
19.79248195449832400 
19.83584454188163800 
19.88013823432799000 
19.92536934133169900 
19.97154416424055200 
20.01866899613598600 
20.06675012171341500 
20.11579381716250800 
20.16580635004766400 
20.21679397918836000 
20.26876295453980600 
20.32171951707338300 
20.37566989865741400 
20.43062032193780200 
20.48657700021885100 
20.54354613734406600 
20.60153392757716200 
20.66054655548297700 
20.72059019580861200 
20.78167101336448800 
20.84379516290567800 
20.90696878901313500 
20.97119802597511300 
21.03648899766859200 
21.10284781744087100 
21.17028058799122200 
21.23879340125252600 
21.30839233827320100 
21.37908346909894800 
21.45087285265496000 
21.52376653662776500 
21.59777055734764100 
21.67289093967067300 
21.74913369686133500 
21.82650482912467600 
21.90501000608153200 
21.98465413080571600 
22.06544192961011700 
22.14737804854399200 
22.23046705236815900 
22.31471342353391300 
22.40012156116634400 
22.48669578005150500 
22.57444030962840700 
22.66335929298504900 
22.75345678585936300 
22.84473675564470300 
22.93720308040028000 
23.03085954786639500 
23.12570985448495300 
23.22175760442505100 
23.31900630861383700 
23.41745938377295700 
23.51712016123260800 
23.61799205030842300 
23.72007852226662200 
23.82338297183745400 
23.92790871184427800 
24.03365897246355900 
24.14063690048899200 
24.24884555860045800 
24.35828792463712800 
24.46896689087547100 
24.58088526331170700 
24.69404576094928000 
24.80845101509088100 
24.92410356863569000 
25.04100587538113500 
25.15916029933037700 
25.27856911400409600 
25.39923450175839600 
25.52115859924517200 
25.64434363487228200 
25.76879179882777700 
25.89450519946975900 
26.02148586278580200 
26.14973573185587700 
26.27925666632040000 
26.41005044185222100 
26.54211874963348100 
26.67546319583658500 
26.81008530111015300 
26.94598650006925000 
27.08316814079058000 
27.22163148431227600 
27.36137770413838400 
27.50240823033524900 
27.64472853515214700 
27.78834689469341500 
27.93327182656361900 
28.07951204634405700 
28.22707646958500800 
28.37597421380951000 
28.52621460053079600 
28.67780715728308700 
28.83076161966685500 
28.98508793340941400 
29.14079625644041000 
29.29789696098445300 
29.45640063567010400 
29.61631808765664400 
29.77766075150969600 
29.94044704188357600 
30.10470142293468500 
30.27044921206436700 
30.43771642768773200 
30.60652979637115900 
30.77691676018414000 
30.94890548427190800 
31.12252486465445100 
31.29780453625758000 
31.47477488118155300 
31.65346703721359100 
31.83391290658905600 
32.01614752625619800 
32.20021626570873300 
32.38616806630128800 
32.57405316470239900 
32.76392311013533700 
32.95583078234218300 
33.14983041028632000 
33.34597759161164300 
33.54432931287278300 
33.74494397055514800 
33.94788139289991600 
34.15320286255207800 
34.36097114004820000 
34.57125048816188000 
34.78410669712333500 
