   0.0000000000000000
  -0.0000000018576148
  -0.0000000297100663
  -0.0000001504072757
  -0.0000004754027784
  -0.0000011608092397
  -0.0000024074762033
  -0.0000044610901023
  -0.0000076122965672
  -0.0000121968450757
  -0.0000185957559957
  -0.0000272355100800
  -0.0000385882604822
  -0.0000531720673665
  -0.0000715511551962
  -0.0000943361927903
  -0.0001221845962476
  -0.0001558008548424
  -0.0001959368800076
  -0.0002433923775235
  -0.0002990152430422
  -0.0003637019810823
  -0.0004383981476370
  -0.0005240988165444
  -0.0006218490666058
  -0.0007327444799096
  -0.0008579316873460
  -0.0009986089359604
  -0.0011560266757842
  -0.0013314881595715
  -0.0015263499751796
  -0.0017420227322788
  -0.0019799717963785
  -0.0022417179991976
  -0.0025288384190712
  -0.0028429671668326
  -0.0031857961253448
  -0.0035590757313948
  -0.0039646153789703
  -0.0044042842914739
  -0.0048800127129677
  -0.0053937928345530
  -0.0059476797442542
  -0.0065437923790741
  -0.0071843143742336
  -0.0078714946454753
  -0.0086076487731238
  -0.0093951597476392
  -0.0102364780720720
  -0.0111341238062063
  -0.0120906882456454
  -0.0131088352788462
  -0.0141913018162707
  -0.0153408962039297
  -0.0165605007035436
  -0.0178530740529157
  -0.0192216527494244
  -0.0206693518267344
  -0.0221993646050052
  -0.0238149647466191
  -0.0255195039313193
  -0.0273164152921636
  -0.0292092181496820
  -0.0312015186167277
  -0.0332970031203970
  -0.0354994406171024
  -0.0378126887806612
  -0.0402406952514927
  -0.0427874958180524
  -0.0454572152300145
  -0.0482540606639203
  -0.0511823303199611
  -0.0542464218361105
  -0.0574508210706066
  -0.0608000949901081
  -0.0642989051504109
  -0.0679520091951139
  -0.0717642574264986
  -0.0757405853732083
  -0.0798860098578574
  -0.0842056530136803
  -0.0887047271967394
  -0.0933885163857294
  -0.0982623965033477
  -0.1033318369197690
  -0.1086023936888521
  -0.1140796844209011
  -0.1197694170241566
  -0.1256773931676127
  -0.1318094646348923
  -0.1381715576932222
  -0.1447696800232990
  -0.1516099050916745
  -0.1586983380808100
  -0.1660411710598967
  -0.1736446413758792
  -0.1815150128499225
  -0.1896586034600718
  -0.1980817802615127
  -0.2067908996210096
  -0.2157923670778355
  -0.2250926011667682
  -0.2346980011558979
  -0.2446149821966153
  -0.2548499550624420
  -0.2654092695375210
  -0.2762992892955151
  -0.2875263070463034
  -0.2990965571516810
  -0.3110162425316897
  -0.3232914459397076
  -0.3359281920705873
  -0.3489323975775780
  -0.3623098460922971
  -0.3760662296005365
  -0.3902070599420132
  -0.4047377221755690
  -0.4196634242039293
  -0.4349891799394269
  -0.4507198356003263
  -0.4668599918131056
  -0.4834140574535685
  -0.5003861824092659
  -0.5177802799582308
  -0.5355999941624990
  -0.5538486962972457
  -0.5725294744391939
  -0.5916451140148901
  -0.6111981024218085
  -0.6311906047219620
  -0.6516244683378845
  -0.6725012099367409
  -0.6938220116997689
  -0.7155877209736540
  -0.7377988396662395
  -0.7604555377894535
  -0.7835576362641580
  -0.8071046294432508
  -0.8310956699723905
  -0.8555295925378671
  -0.8804049127080231
  -0.9057198330311944
  -0.9314722735568812
  -0.9576598476440128
  -0.9842799352126774
  -1.0113296264936156
  -1.0388058139144714
  -1.0667051516550039
  -1.0950241061733728
  -1.1237589839759552
  -1.1529059101730246
  -1.1824609189410211
  -1.2124199069421060
  -1.2427786960753233
  -1.2735330650255086
  -1.3046787163743048
  -1.3362113666118924
  -1.3681267256483858
  -1.4004205040961442
  -1.4330884821305654
  -1.4661264781727517
  -1.4995303695066546
  -1.5332961402381995
  -1.5674198530189891
  -1.6018976624081576
  -1.6367258506805775
  -1.6719008050132409
  -1.7074190165102046
  -1.7432771032433350
  -1.7794717974228411
  -1.8159999313112758
  -1.8528584431443609
  -1.8900443723479234
  -1.9275548438405774
  -1.9653870548876757
  -2.0035382705007101
  -2.0420058125300011
  -2.0807870403288788
  -2.1198793345828819
  -2.1592800917419512
  -2.1989867026537580
  -2.2389965393742441
  -2.2793069399424684
  -2.3199151931982698
  -2.3608185241714654
  -2.4020140797144194
  -2.4434989144483028
  -2.4852699772836360
  -2.5273240982577838
  -2.5696579760619587
  -2.6122681661381306
  -2.6551510693621068
  -2.6983029213130445
  -2.7417197820043970
  -2.7853975262588921
  -2.8293318345752900
  -2.8735181844701660
  -2.9179518422908481
  -2.9626278554600503
  -3.0075410451104507
  -3.0526859990679296
  -3.0980570651910804
  -3.1436483449976897
  -3.1894536875718820
  -3.2354666837467669
  -3.2816806605155451
  -3.3280886756757999
  -3.3746835126942667
  -3.4214576757796342
  -3.4684033851633393
  -3.5155125725867982
  -3.5627768769958603
  -3.6101876404477298
  -3.6577359042361075
  -3.7054124052436035
  -3.7532075725311955
  -3.8011115241766160
  -3.8491140643749393
  -3.8972046808151362
  -3.9453725423482426
  -3.9936064969627840
  -4.0418950700842968
  -4.0902264632161796
  -4.1385885529395061
  -4.1869688902898741
  -4.2353547005296459
  -4.2837328833338972
  -4.3320900134088962
  -4.3804123415613043
  -4.4286857962370725
  -4.4768959855478414
  -4.5250281998035033
  -4.5730674145681993
  -4.6209982942576664
  -4.6688051962944090
  -4.7164721758374375
  -4.7639829911020435
  -4.8113211092846857
  -4.8584697131072012
  -4.9054117079933324
  -4.9521297298901157
  -4.9986061537447721
  -5.0448231026474382
  -5.0907624576477737
  -5.1364058682530791
  -5.1817347636130995
  -5.2267303643958254
  -5.2713736953564885
  -5.3156455986001996
  -5.3595267475370356
  -5.4029976615260198
  -5.4460387212027648
  -5.4886301844832017
  -5.5307522032335532
  -5.5723848405948173
  -5.6135080889470688
  -5.6541018884972347
  -5.6941461464710335
  -5.7336207568873689
  -5.7725056208916037
  -5.8107806676205058
  -5.8484258755703937
  -5.8854212944368154
  -5.9217470673913848
  -5.9573834537601531
  -5.9923108520640662
  -6.0265098233804730
  -6.0599611149829533
  -6.0926456842131964
  -6.1245447225376024
  -6.1556396797396475
  -6.1859122881959596
  -6.2153445871833082
  -6.2439189471625260
  -6.2716180939830268
  -6.2984251329507925
  -6.3243235727022951
  -6.3492973488255497
  -6.3733308471686154
  -6.3964089267760205
  -6.4185169423935919
  -6.4396407664819035
  -6.4597668106789055
  -6.4788820466530925
  -6.4969740262894735
  -6.5140309011516067
  -6.5300414411643137
  -6.5449950524631371
  -6.5588817943587081
  -6.5716923953660702
  -6.5834182682514832
  -6.5940515240515731
  -6.6035849850225565
  -6.6120121964801610
  -6.6193274374940128
  -6.6255257304035773
  -6.6306028491262570
  -6.6345553262317631
  -6.6373804587607532
  -6.6390763127694976
  -6.6396417265863041
