   0.0000000000000000
   0.0000496588478780
   0.0001986403462406
   0.0004469593591330
   0.0007946406594956
   0.0012417189284562
   0.0017882387543320
   0.0024342546313330
   0.0031798309579552
   0.0040250420350526
   0.0049699720635710
   0.0060147151419289
   0.0071593752630232
   0.0084040663108379
   0.0097489120566335
   0.0111940461546866
   0.0127396121375526
   0.0143857634108191
   0.0161326632473137
   0.0179804847807318
   0.0199294109986415
   0.0219796347348259
   0.0241313586609147
   0.0263847952772602
   0.0287401667727956
   0.0311977043554724
   0.0337576485232860
   0.0364202492279331
   0.0391857658266303
   0.0420544668737428
   0.0450266286853448
   0.0481025356135740
   0.0512824806088851
   0.0545667651208809
   0.0579556993793165
   0.0614496024910648
   0.0650488018978546
   0.0687536329291926
   0.0725644342537310
   0.0764815477874071
   0.0805053215428796
   0.0846361096990161
   0.0888742727554727
   0.0932201767999162
   0.0976741919334119
   0.1022366882551745
   0.1069080383834900
   0.1116886155589642
   0.1165787875986262
   0.1215789216502552
   0.1266893864342754
   0.1319105525851035
   0.1372427883162138
   0.1426864448177534
   0.1482418617338145
   0.1539093732958085
   0.1596893077906695
   0.1655819836980255
   0.1715877014546834
   0.1777067463129416
   0.1839393747113071
   0.1902858202738165
   0.1967463038117327
   0.2033210293719165
   0.2100101574617495
   0.2168138060482176
   0.2237320650407656
   0.2307649937436795
   0.2379126082845016
   0.2451748787225297
   0.2525517086742941
   0.2600429501734468
   0.2676484176516834
   0.2753678569625066
   0.2832009236091065
   0.2911472082490147
   0.2992062336357383
   0.3073774399340838
   0.3156601682409108
   0.3240536486681860
   0.3325570346971952
   0.3411693736864466
   0.3498895718392072
   0.3587164220908722
   0.3676485988640959
   0.3766846419455511
   0.3858229243446657
   0.3950616783335275
   0.4043989943126598
   0.4138327698480858
   0.4233607311343667
   0.4329804310219439
   0.4426892302477579
   0.4524842718557227
   0.4623625080715082
   0.4723206723610576
   0.4823552649971745
   0.4924625612416764
   0.5026385983861794
   0.5128791633413565
   0.5231797912480903
   0.5335357589661909
   0.5439420806358831
   0.5543934979896055
   0.5648844756112721
   0.5754092177496492
   0.5859616267669940
   0.5965353409088808
   0.6071237254035683
   0.6177198343220991
   0.6283164935311504
   0.6389062211213653
   0.6494812794250935
   0.6600337042802960
   0.6705552227595221
   0.6810374037755178
   0.6914715380575544
   0.7018487330564387
   0.7121599445222920
   0.7223958834397701
   0.7325472344880970
   0.7426044606783868
   0.7525580295042933
   0.7623982906378242
   0.7721156214844688
   0.7817003965487870
   0.7911430330096865
   0.8004340950923182
   0.8095642069931966
   0.8185242667038546
   0.8273053037281059
   0.8358987277775241
   0.8442961524252473
   0.8524896773649079
   0.8604717086240767
   0.8682352183678662
   0.8757735905821767
   0.8830808430874848
   0.8901515226028757
   0.8969808563968666
   0.9035647213107572
   0.9098996903140397
   0.9159830944562365
   0.9218129698000392
   0.9273881909548670
   0.9327083512718425
   0.9377738916196184
   0.9425860099647255
   0.9471467066278231
   0.9514587592599025
   0.9555256895149743
   0.9593517649778899
   0.9629419414372110
   0.9663018438188824
   0.9694377069029022
   0.9723563466836037
   0.9750650847003841
   0.9775716994199512
   0.9798843856103499
   0.9820116464693193
   0.9839622654787515
   0.9857452446418791
   0.9873696916564642
   0.9888448003120256
   0.9901797884306773
   0.9913837884058731
   0.9924658288312520
   0.9934347915408262
   0.9942993187876368
   0.9950677849058025
   0.9957482800638373
   0.9963485529809166
   0.9968759736734951
   0.9973375259365941
   0.9977397994488173
   0.9980889607896389
   0.9983907412959702
   0.9986504521617259
   0.9988729961251163
   0.9990628480913357
   0.9992240861114978
   0.9993604007678710
   0.9994751132347269
   0.9995711958629702
   0.9996512931986472
   0.9997177443425035
   0.9997726062909318
   0.9998176770723217
   0.9998545195206262
   0.9998844840017372
   0.9999087303417769
   0.9999282486812916
   0.9999438790517298
   0.9999563300710659
   0.9999661957520084
   0.9999739709729892
   0.9999800655203502
   0.9999848166252759
   0.9999885000594435
   0.9999913399036465
   0.9999935171482146
   0.9999951769903441
   0.9999964352024319
   0.9999973835269864
   0.9999980941694622
   0.9999986236062259
   0.9999990157341748
   0.9999993044446155
   0.9999995157361608
   0.9999996694298942
   0.9999997805317324
   0.9999998603372936
   0.9999999172865373
   0.9999999576526146
   0.9999999860619888
   1.0000000059092464
   1.0000000196666459
   1.0000000291239275
   1.0000000355688903
   1.0000000399206801
   1.0000000428329863
   1.0000000447651178
   1.0000000460400185
   1.0000000468804622
   1.0000000474410189
   1.0000000478260964
   1.0000000481063556
   1.0000000483287379
   1.0000000485228073
   1.0000000487085927
   1.0000000488958163
   1.0000000490924674
   1.0000000492988801
   1.0000000495179511
   1.0000000497458381
   1.0000000499833477
   1.0000000502252162
   1.0000000504712276
   1.0000000507163003
   1.0000000509593892
   1.0000000511965637
   1.0000000514258851
   1.0000000516450236
   1.0000000518512562
   1.0000000520436987
   1.0000000522194314
   1.0000000523782102
   1.0000000525179493
   1.0000000526379693
   1.0000000527378077
   1.0000000528160140
   1.0000000528732884
   1.0000000529086002
   1.0000000529219613
   1.0000000529146229
   1.0000000528846100
   1.0000000528349795
   1.0000000527643187
   1.0000000526734412
   1.0000000525653614
   1.0000000524368848
   1.0000000522925714
   1.0000000521325902
   1.0000000519551888
   1.0000000517662886
   1.0000000515637186
   1.0000000513475946
   1.0000000511239977
   1.0000000508900260
   1.0000000506459297
   1.0000000503980144
   1.0000000501447144
   1.0000000498839698
   1.0000000496218333
   1.0000000493605317
   1.0000000490956569
   1.0000000488299057
   1.0000000485682712
   1.0000000483113201
   1.0000000480554054
   1.0000000478027578
   1.0000000475573094
   1.0000000473210624
   1.0000000470925576
   1.0000000468701973
   1.0000000466560766
   1.0000000464525729
   1.0000000462613212
   1.0000000460828431
   1.0000000459167220
   1.0000000457622324
   1.0000000456199527
   1.0000000454908411
   1.0000000453757405
   1.0000000452752753
   1.0000000451898525
   1.0000000451197328
   1.0000000450650803
   1.0000000450259916
   1.0000000450025186
   1.0000000449946909
