 0.00002830000000000 
 0.00003811160608806 
 0.00009271837152761 
 0.00019141726853970 
 0.00033350526934538 
 0.00051827934616569 
 0.00074488205339463 
 0.00101095596401937 
 0.00131329802678894 
 0.00164847322551717 
 0.00201261082961828 
 0.00240171257310737 
 0.00281126476121767 
 0.00323660340182282 
 0.00367498033822368 
 0.00412589607315008 
 0.00458897939578831 
 0.00506386197028779 
 0.00555027831985173 
 0.00604809165028345 
 0.00655717328842277 
 0.00707739456110947 
 0.00760861719063725 
 0.00815060336049957 
 0.00870305635590612 
 0.00926567869397667 
 0.00983817289796708 
 0.01042024952353304 
 0.01101164295867501 
 0.01161209199091907 
 0.01222133540779126 
 0.01283911199366789 
 0.01346516018958905 
 0.01409921778919912 
 0.01474102251440062 
 0.01539031208709607 
 0.01604682422918800 
 0.01671029391659773 
 0.01738044111846846 
 0.01805698070321078 
 0.01873962753502538 
 0.01942809647811300 
 0.02012210065597300 
 0.02082133133136951 
 0.02152546485128492 
 0.02223417727493531 
 0.02294714466153679 
 0.02366404670794846 
 0.02438466017249515 
 0.02510886695746359 
 0.02583655422252544 
 0.02656760912735241 
 0.02730191883161616 
 0.02803937049498836 
 0.02877985177312527 
 0.02952326855408038 
 0.03026954982083362 
 0.03101862604192599 
 0.03177042768589847 
 0.03252488522129203 
 0.03328192911664766 
 0.03404148984050635 
 0.03480349766379824 
 0.03556787798860385 
 0.03633455116116717 
 0.03710343729270738 
 0.03787445649444363 
 0.03864752887759509 
 0.03942257455338091 
 0.04019951363302028 
 0.04097826796541691 
 0.04175878138355288 
 0.04254101279922423 
 0.04332492141902084 
 0.04411046644953264 
 0.04489760709734954 
 0.04568630256906146 
 0.04647651207125829 
 0.04726819481052997 
 0.04806130999346638 
 0.04885581798645174 
 0.04965168597488534 
 0.05044888362817426 
 0.05124738061931624 
 0.05204714662130897 
 0.05284815130715020 
 0.05365036434983767 
 0.05445375542236906 
 0.05525829419774212 
 0.05606395034895459 
 0.05687069355173484 
 0.05767849409539873 
 0.05848732365569489 
 0.05929715409869805 
 0.06010795729048301 
 0.06091970509712452 
 0.06173236938469733 
 0.06254592201927620 
 0.06336033486693593 
 0.06417557979375123 
 0.06499162866579689 
 0.06580845388068601 
 0.06662603631043410 
 0.06744436362785086 
 0.06826342369747544 
 0.06908320438384696 
 0.06990369355150458 
 0.07072487906498745 
 0.07154674878883467 
 0.07236929058758543 
 0.07319249232577885 
 0.07401634186795407 
 0.07484082707865022 
 0.07566593582240649 
 0.07649165596376197 
 0.07731797537030813 
 0.07814488217577728 
 0.07897236498291596 
 0.07980041244222758 
 0.08062901320421548 
 0.08145815591938310 
 0.08228782923823383 
 0.08311802181127104 
 0.08394872228899813 
 0.08477991932191850 
 0.08561160156053554 
 0.08644375765535267 
 0.08727637625687323 
 0.08810944601560064 
 0.08894295558220199 
 0.08977689467375503 
 0.09061125660928698 
 0.09144603546753717 
 0.09228122532724503 
 0.09311682026714993 
 0.09395281436599126 
 0.09478920170250842 
 0.09562597635544080 
 0.09646313240352775 
 0.09730066392550868 
 0.09813856500012297 
 0.09897682970611002 
 0.09981545212220920 
 0.10065442632715996 
 0.10149374639970157 
 0.10233340641857350 
 0.10317340046251511 
 0.10401372269397380 
 0.10485436823323167 
 0.10569533281135406 
 0.10653661216926831 
 0.10737820204790194 
 0.10822009818818235 
 0.10906229633103699 
 0.10990479221739333 
 0.11074758158817881 
 0.11159066018432084 
 0.11243402374674688 
 0.11327766801638438 
 0.11412158873416077 
 0.11496578164100353 
 0.11581024247784005 
 0.11665496698559780 
 0.11749995090520421 
 0.11834518997758675 
 0.11919067994367283 
 0.12003641665782794 
 0.12088239697593131 
 0.12172861827560981 
 0.12257507793898684 
 0.12342177334818578 
 0.12426870188533005 
 0.12511586093254309 
 0.12596324787194821 
 0.12681086008566886 
 0.12765869495582843 
 0.12850674986455035 
 0.12935502219395800 
 0.13020350932617478 
 0.13105220864332406 
 0.13190111752752931 
 0.13275023336091385 
 0.13359955352560113 
 0.13444907540371454 
 0.13529879637737749 
 0.13614871382871335 
 0.13699882514675016 
 0.13784912800275162 
 0.13869962044281714 
 0.13955030053893941 
 0.14040116636311106 
 0.14125221598732474 
 0.14210344748357309 
 0.14295485892384879 
 0.14380644838014447 
 0.14465821392445288 
 0.14551015362876654 
 0.14636226556507817 
 0.14721454780538040 
 0.14806699842166593 
 0.14891961548592739 
 0.14977239707015744 
 0.15062534124634872 
 0.15147844608649388 
 0.15233170966258561 
 0.15318513004661652 
 0.15403870531057931 
 0.15489243353207077 
 0.15574631309538664 
 0.15660034284395080 
 0.15745452165884155 
 0.15830884842113713 
 0.15916332201191574 
 0.16001794131225569 
 0.16087270520323516 
 0.16172761256593243 
 0.16258266228142573 
 0.16343785323079330 
 0.16429318429511339 
 0.16514865435546427 
 0.16600426229292412 
 0.16686000698857123 
 0.16771588732348383 
 0.16857190217874016 
 0.16942805043541848 
 0.17028433097459705 
 0.17114074267735405 
 0.17199728442476775 
 0.17285395509791643 
 0.17371075357787827 
 0.17456767874573159 
 0.17542472948255458 
 0.17628190466942548 
 0.17713920324289836 
 0.17799662437240821 
 0.17885416728848894 
 0.17971183122167489 
 0.18056961540250022 
 0.18142751906149918 
 0.18228554142920603 
 0.18314368173615497 
 0.18400193921288027 
 0.18486031308991618 
 0.18571880259779691 
 0.18657740696705671 
 0.18743612542822979 
 0.18829495721185041 
 0.18915390154845280 
 0.19001295766857118 
 0.19087212480273985 
 0.19173140218149298 
 0.19259078903536489 
 0.19345028459488969 
 0.19430988809060171 
 0.19516959875303516 
 0.19602941581272426 
 0.19688933850020329 
 0.19774936604600646 
 0.19860949768066802 
 0.19946973263472217 
 0.20033007014421936 
 0.20119050957583706 
 0.20205105042900068 
 0.20291169220907582 
 0.20377243442142826 
 0.20463327657142372 
 0.20549421816442792 
 0.20635525870580657 
 0.20721639770092543 
 0.20807763465515017 
 0.20893896907384657 
 0.20980040046238030 
 0.21066192832611710 
 0.21152355217042271 
 0.21238527150066289 
 0.21324708582220323 
 0.21410899464040953 
 0.21497099746064754 
 0.21583309378828291 
 0.21669528312868144 
 0.21755756498720880 
 0.21841993886923072 
 0.21928240428011295 
 0.22014496072522119 
 0.22100760770992114 
 0.22187034473957853 
 0.22273317131955919 
 0.22359608695522865 
 0.22445909115195278 
 0.22532218341510515 
 0.22618536327342292 
 0.22704863033034750 
 0.22791198420422026 
 0.22877542451338237 
 0.22963895087617528 
 0.23050256291094010 
 0.23136626023601825 
 0.23223004246975096 
 0.23309390923047948 
 0.23395786013654513 
 0.23482189480628921 
 0.23568601285805293 
 0.23655021391017766 
 0.23741449758100464 
 0.23827886348887520 
 0.23914331125213054 
 0.24000784048911203 
 0.24087245081816086 
 0.24173714185761844 
 0.24260191322582597 
 0.24346676454112476 
 0.24433169542185601 
 0.24519670548636116 
 0.24606179435298134 
 0.24692696164005795 
 0.24779220696593218 
 0.24865752994894541 
 0.24952293020743882 
 0.25038840735975382 
 0.25125396102434083 
 0.25211959085821306 
 0.25298529661359997 
 0.25385107805716878 
 0.25471693495558662 
 0.25558286707552080 
 0.25644887418363843 
 0.25731495604660670 
 0.25818111243109276 
 0.25904734310376393 
 0.25991364783128723 
 0.26078002638032999 
 0.26164647851755929 
 0.26251300400964245 
 0.26337960262324644 
 0.26424627412503865 
 0.26511301828168610 
 0.26597983485985616 
 0.26684672362621586 
 0.26771368434743253 
 0.26858071679017320 
 0.26944782072110518 
 0.27031499590689556 
 0.27118224211421166 
 0.27204955910972051 
 0.27291694666008948 
 0.27378440453198549 
 0.27465193249207603 
 0.27551953030702803 
 0.27638719774350884 
 0.27725493456818556 
 0.27812274054768754 
 0.27899061544254689 
 0.27985855900054279 
 0.28072657096785297 
 0.28159465109065551 
 0.28246279911512828 
 0.28333101478744921 
 0.28419929785379611 
 0.28506764806034712 
 0.28593606515328002 
 0.28680454887877282 
 0.28767309898300331 
 0.28854171521214961 
 0.28941039731238943 
 0.29027914502990088 
 0.29114795811086175 
 0.29201683630145009 
 0.29288577934784377 
 0.29375478699622071 
 0.29462385899275872 
 0.29549299508363597 
 0.29636219501503014 
 0.29723145853311933 
 0.29810078538408136 
 0.29897017531409426 
 0.29983962806933584 
 0.30070914339598409 
 0.30157872104021688 
 0.30244836074821224 
 0.30331806226614805 
 0.30418782534020217 
 0.30505764971655258 
 0.30592753514186716 
 0.30679748137444435 
 0.30766748818441808 
 0.30853755534245292 
 0.30940768261921353 
 0.31027786978536454 
 0.31114811661157071 
 0.31201842286849663 
 0.31288878832680700 
 0.31375921275716639 
 0.31462969593023954 
 0.31550023761669105 
 0.31637083758718565 
 0.31724149561238790 
 0.31811221146296254 
 0.31898298490957422 
 0.31985381572288757 
 0.32072470367356726 
 0.32159564853227801 
 0.32246665006968434 
 0.32333770805645112 
 0.32420882226324271 
 0.32507999246072405 
 0.32595121841955965 
 0.32682249991041418 
 0.32769383670395236 
 0.32856522857083881 
 0.32943667528173814 
 0.33030817660731510 
 0.33117973231823428 
 0.33205134218516041 
 0.33292300597875801 
 0.33379472347052475 
 0.33466649446731805 
 0.33553831882373786 
 0.33641019639776304 
 0.33728212704737259 
 0.33815411063054540 
 0.33902614700526040 
 0.33989823602949654 
 0.34077037756123280 
 0.34164257145844801 
 0.34251481757912122 
 0.34338711578123138 
 0.34425946592275730 
 0.34513186786167799 
 0.34600432145597243 
 0.34687682656361946 
 0.34774938304259811 
 0.34862199075088723 
 0.34949464954646586 
 0.35036735928731283 
 0.35124011983140724 
 0.35211293103672781 
 0.35298579276125364 
 0.35385870486296367 
 0.35473166719983673 
 0.35560467962985176 
 0.35647774201098781 
 0.35735085420122370 
 0.35822401605853854 
 0.35909722744091105 
 0.35997048820632027 
 0.36084379821274515 
 0.36171715731816467 
 0.36259056538015999 
 0.36346402224387853 
 0.36433752773987427 
 0.36521108169786853 
 0.36608468394758253 
 0.36695833431873764 
 0.36783203264105502 
 0.36870577874425603 
 0.36957957245806189 
 0.37045341361219397 
 0.37132730203637337 
 0.37220123756032153 
 0.37307522001375965 
 0.37394924922640899 
 0.37482332502799076 
 0.37569744724822640 
 0.37657161571683700 
 0.37744583026354395 
 0.37832009071806844 
 0.37919439691013185 
 0.38006874866945528 
 0.38094314582576022 
 0.38181758820876777 
 0.38269207564819924 
 0.38356660797377595 
 0.38444118501521918 
 0.38531580660225007 
 0.38619047256459005 
 0.38706518273196028 
 0.38793993693408207 
 0.38881473500067670 
 0.38968957676146548 
 0.39056446204616962 
 0.39143939068416583 
 0.39231436248677426 
 0.39318937723873387 
 0.39406443472265446 
 0.39493953472114540 
 0.39581467701681633 
 0.39668986139227691 
 0.39756508763013659 
 0.39844035551300511 
 0.39931566482349190 
 0.40019101534420654 
 0.40106640685775868 
 0.40194183914675785 
 0.40281731199381365 
 0.40369282518153560 
 0.40456837849253341 
 0.40544397170941648 
 0.40631960461479449 
 0.40719527699127700 
 0.40807098862147362 
 0.40894673928799385 
 0.40982252877344738 
 0.41069835686044370 
 0.41157422333159233 
 0.41245012796950298 
 0.41332607055678505 
 0.41420205087604833 
 0.41507806870990221 
 0.41595412384095642 
 0.41683021605182047 
 0.41770634512510385 
 0.41858251084341630 
 0.41945871298936721 
 0.42033495134556637 
 0.42121122570132657 
 0.42208753587655168 
 0.42296388169986654 
 0.42384026299989680 
 0.42471667960526799 
 0.42559313134460580 
 0.42646961804653571 
 0.42734613953968342 
 0.42822269565267435 
 0.42909928621413429 
 0.42997591105268879 
 0.43085256999696325 
 0.43172926287558344 
 0.43260598951717488 
 0.43348274975036322 
 0.43435954340377397 
 0.43523637030603274 
 0.43611323028576521 
 0.43699012317159680 
 0.43786704879215332 
 0.43874400697606014 
 0.43962099755194300 
 0.44049802034842739 
 0.44137507519413899 
 0.44225216191770333 
 0.44312928034774601 
 0.44400643031289261 
 0.44488361164176876 
 0.44576082416300000 
 0.44663806770518028 
 0.44751534209085597 
 0.44839264712940097 
 0.44926998262845519 
 0.45014734839565868 
 0.45102474423865113 
 0.45190216996507265 
 0.45277962538256306 
 0.45365711029876243 
 0.45453462452131055 
 0.45541216785784744 
 0.45628974011601303 
 0.45716734110344726 
 0.45804497062778998 
 0.45892262849668131 
 0.45980031451776093 
 0.46067802849866901 
 0.46155577024704530 
 0.46243353957052991 
 0.46331133627676258 
 0.46418916017338341 
 0.46506701106803222 
 0.46594488876834905 
 0.46682279308197372 
 0.46770072381654626 
 0.46857868077970655 
 0.46945666377909445 
 0.47033467262235013 
 0.47121270711682234 
 0.47209076704546549 
 0.47296885214878776 
 0.47384696216304478 
 0.47472509682449188 
 0.47560325586938462 
 0.47648143903397833 
 0.47735964605452869 
 0.47823787666729106 
 0.47911613060852098 
 0.47999440761447376 
 0.48087270742140514 
 0.48175102976557044 
 0.48262937438322517 
 0.48350774101062466 
 0.48438612938402470 
 0.48526453923968055 
 0.48614297031384773 
 0.48702142234278162 
 0.48789989506273790 
 0.48877838820997199 
 0.48965690152073926 
 0.49053543473129518 
 0.49141398757789551 
 0.49229255979679543 
 0.49317115112425047 
 0.49404976129651607 
 0.49492839004984784 
 0.49580703711971763 
 0.49668570222334291 
 0.49756438505955664 
 0.49844308532638260 
 0.49932180272184412 
 0.50020053694396482 
 0.50107928769076815 
 0.50195805466027787 
 0.50283683755051722 
 0.50371563605950997 
 0.50459444988527946 
 0.50547327872584935 
 0.50635212227924320 
 0.50723098024348445 
 0.50810985231659656 
 0.50898873819660317 
 0.50986763758152798 
 0.51074655016939430 
 0.51162547565822569 
 0.51250441374604572 
 0.51338336413087793 
 0.51426232651074577 
 0.51514130058367280 
 0.51602028604768269 
 0.51689928260079887 
 0.51777828994104491 
 0.51865730776644425 
 0.51953633577502056 
 0.52041537366242185 
 0.52129442110499646 
 0.52217347776970957 
 0.52305254332346429 
 0.52393161743316341 
 0.52481069976570971 
 0.52568978998800586 
 0.52656888776695498 
 0.52744799276945997 
 0.52832710466242350 
 0.52920622311274834 
 0.53008534778733751 
 0.53096447835309402 
 0.53184361447692052 
 0.53272275582571960 
 0.53360190206639457 
 0.53448105286584813 
 0.53536020789098304 
 0.53623936680870210 
 0.53711852928590842 
 0.53799769498950467 
 0.53887686358639375 
 0.53975603474347833 
 0.54063520812766164 
 0.54151438340584623 
 0.54239356024493512 
 0.54327273831183098 
 0.54415191727240930 
 0.54503109673911798 
 0.54591027624600053 
 0.54678945532084622 
 0.54766863349144512 
 0.54854781028558630 
 0.54942698523105937 
 0.55030615785565384 
 0.55118532768715922 
 0.55206449425336512 
 0.55294365708206095 
 0.55382281570103598 
 0.55470196963807994 
 0.55558111842098246 
 0.55646026157753281 
 0.55733939863552040 
 0.55821852912273517 
 0.55909765256696620 
 0.55997676849600320 
 0.56085587643763546 
 0.56173497591965282 
 0.56261406646984446 
 0.56349314761600011 
 0.56437221888590905 
 0.56525127980736101 
 0.56613032990814538 
 0.56700936871605168 
 0.56788839575885464 
 0.56876741053980195 
 0.56964641248746306 
 0.57052540101624627 
 0.57140437554056023 
 0.57228333547481325 
 0.57316228023341398 
 0.57404120923077084 
 0.57492012188129216 
 0.57579901759938668 
 0.57667789579946283 
 0.57755675589592892 
 0.57843559730319349 
 0.57931441943566508 
 0.58019322170775223 
 0.58107200353386335 
 0.58195076432840687 
 0.58282950350579132 
 0.58370822048042525 
 0.58458691466671697 
 0.58546558547907512 
 0.58634423233190813 
 0.58722285463962454 
 0.58810145181663265 
 0.58898002327734122 
 0.58985856842689943 
 0.59073708661024193 
 0.59161557714822322 
 0.59249403936163458 
 0.59337247257126713 
 0.59425087609791216 
 0.59512924926236088 
 0.59600759138540427 
 0.59688590178783385 
 0.59776417979044083 
 0.59864242471401619 
 0.59952063587935112 
 0.60039881260723715 
 0.60127695421846528 
 0.60215506003382668 
 0.60303312937411258 
 0.60391116156011426 
 0.60478915591262294 
 0.60566711175242982 
 0.60654502840032609 
 0.60742290517710273 
 0.60830074140355139 
 0.60917853640044017 
 0.61005628944947443 
 0.61093399971320805 
 0.61181166633155804 
 0.61268928844444137 
 0.61356686519177495 
 0.61444439571347553 
 0.61532187914946024 
 0.61619931463964583 
 0.61707670132394910 
 0.61795403834228735 
 0.61883132483457715 
 0.61970855994073570 
 0.62058574280067946 
 0.62146287255432586 
 0.62233994834159156 
 0.62321696930239345 
 0.62409393457664863 
 0.62497084330427366 
 0.62584769462518575 
 0.62672448767930189 
 0.62760122160653864 
 0.62847789553277789 
 0.62935450829714612 
 0.63023105847072103 
 0.63110754461429153 
 0.63198396528864675 
 0.63286031905457585 
 0.63373660447286784 
 0.63461282010431175 
 0.63548896450969672 
 0.63636503624981178 
 0.63724103388544595 
 0.63811695597738816 
 0.63899280108642786 
 0.63986856777335388 
 0.64074425459895523 
 0.64161986012402106 
 0.64249538290934027 
 0.64337082151570224 
 0.64424617450389587 
 0.64512144043333364 
 0.64599661778705630 
 0.64687170493317481 
 0.64774670023030523 
 0.64862160203706387 
 0.64949640871206682 
 0.65037111861393060 
 0.65124573010127140 
 0.65212024153270531 
 0.65299465126684852 
 0.65386895766231767 
 0.65474315907772884 
 0.65561725387169789 
 0.65649124040284157 
 0.65736511702977596 
 0.65823888211111736 
 0.65911253400548186 
 0.65998607107148577 
 0.66085949166774549 
 0.66173279415218189 
 0.66260597654159326 
 0.66347903596249269 
 0.66435196939797370 
 0.66522477383112899 
 0.66609744624505152 
 0.66696998362283422 
 0.66784238294757026 
 0.66871464120235247 
 0.66958675537027390 
 0.67045872243442728 
 0.67133053937790588 
 0.67220220318380253 
 0.67307371083521017 
 0.67394505931522175 
 0.67481624560693054 
 0.67568726669342927 
 0.67655811929540877 
 0.67742879902548814 
 0.67829930120384785 
 0.67916962115066593 
 0.68003975418612117 
 0.68090969563039161 
 0.68177944080365616 
 0.68264898502609295 
 0.68351832361788067 
 0.68438745189919747 
 0.68525636519022215 
 0.68612505881113306 
 0.68699352808210845 
 0.68786176832332691 
 0.68872977484714959 
 0.68959754249244787 
 0.69046506536161767 
 0.69133233749340084 
 0.69219935292653978 
 0.69306610569977656 
 0.69393258985185313 
 0.69479879942151168 
 0.69566472844749450 
 0.69653037096854342 
 0.69739572102340075 
 0.69826077265080833 
 0.69912551988950855 
 0.69998995677824349 
 0.70085407735575522 
 0.70171787567165567 
 0.70258134590842714 
 0.70344448233746815 
 0.70430727923180969 
 0.70516973086448254 
 0.70603183150851778 
 0.70689357543694642 
 0.70775495692279911 
 0.70861597023910694 
 0.70947660965890091 
 0.71033686945521179 
 0.71119674390107068 
 0.71205622726950835 
 0.71291531383355577 
 0.71377399786624407 
 0.71463227378314342 
 0.71549013804598605 
 0.71634758864846904 
 0.71720462362128190 
 0.71806124099511426 
 0.71891743880065573 
 0.71977321506859582 
 0.72062856782962437 
 0.72148349511443066 
 0.72233799495370421 
 0.72319206537813496 
 0.72404570441841221 
 0.72489891010522567 
 0.72575168046926475 
 0.72660401354121928 
 0.72745590735177867 
 0.72830735987736805 
 0.72915836878383156 
 0.73000893162670688 
 0.73085904596139983 
 0.73170870934331600 
 0.73255791932786118 
 0.73340667347044131 
 0.73425496932646206 
 0.73510280445132936 
 0.73595017640044857 
 0.73679708272922573 
 0.73764352099306663 
 0.73848948874737708 
 0.73933498354756255 
 0.74018000294902919 
 0.74102454450751654 
 0.74186860634843244 
 0.74271218833385921 
 0.74355529065564074 
 0.74439791350562046 
 0.74524005707564189 
 0.74608172155754859 
 0.74692290714318443 
 0.74776361402439284 
 0.74860384239301736 
 0.74944359244090164 
 0.75028286435988933 
 0.75112165834182387 
 0.75195997457854913 
 0.75279781326190842 
 0.75363517458374552 
 0.75447205876788037 
 0.75530846804279728 
 0.75614440779473935 
 0.75697988368757874 
 0.75781490138518715 
 0.75864946655143617 
 0.75948358485019762 
 0.76031726194534333 
 0.76115050350074498 
 0.76198331518027440 
 0.76281570264780318 
 0.76364767156720326 
 0.76447922760234643 
 0.76531037641710420 
 0.76614112367534837 
 0.76697147504095098 
 0.76780143625406261 
 0.76863101384729382 
 0.76946021482304217 
 0.77028904618986604 
 0.77111751495632352 
 0.77194562813097289 
 0.77277339272237233 
 0.77360081573908024 
 0.77442790418965490 
 0.77525466508265439 
 0.77608110542663689 
 0.77690723223016089 
 0.77773305250178459 
 0.77855857325006628 
 0.77938380148356390 
 0.78020874421083453 
 0.78103340803326815 
 0.78185779799903410 
 0.78268191878599169 
 0.78350577507200048 
 0.78432937153491977 
 0.78515271285260901 
 0.78597580370292763 
 0.78679864876373506 
 0.78762125271289074 
 0.78844362022825409 
 0.78926575598768456 
 0.79008766466904135 
 0.79090935095018411 
 0.79173081950897228 
 0.79255207502326508 
 0.79337312217092215 
 0.79419396562980282 
 0.79501461007776641 
 0.79583506019267236 
 0.79665532064245836 
 0.79747539538642587 
 0.79829528721484244 
 0.79911499880867731 
 0.79993453284890026 
 0.80075389201648073 
 0.80157307899238794 
 0.80239209645759157 
 0.80321094709306107 
 0.80402963357976598 
 0.80484815859867564 
 0.80566652483075951 
 0.80648473495698714 
 0.80730279165832808 
 0.80812069761575167 
 0.80893845551022758 
 0.80975606802272493 
 0.81057353783421360 
 0.81139086762566281 
 0.81220806007804214 
 0.81302511787232101 
 0.81384204368946889 
 0.81465884021045532 
 0.81547551011624964 
 0.81629205608782152 
 0.81710848080614040 
 0.81792478695217552 
 0.81874097720689665 
 0.81955705420863756 
 0.82037301990486544 
 0.82118887568278398 
 0.82200462291344301 
 0.82282026296789190 
 0.82363579721718005 
 0.82445122703235729 
 0.82526655378447256 
 0.82608177884457579 
 0.82689690358371626 
 0.82771192937294380 
 0.82852685758330735 
 0.82934168958585686 
 0.83015642675164147 
 0.83097107045171115 
 0.83178562205711482 
 0.83260008293890231 
 0.83341445446812301 
 0.83422873801582664 
 0.83504293495306225 
 0.83585704665087968 
 0.83667107448032818 
 0.83748501981245760 
 0.83829888401831709 
 0.83911266846895627 
 0.83992637453542451 
 0.84074000358877155 
 0.84155355700004675 
 0.84236703614029940 
 0.84318044238057932 
 0.84399377709193579 
 0.84480704164541842 
 0.84562023741207648 
 0.84643336576295980 
 0.84724642806911765 
 0.84805942570159953 
 0.84887236003145494 
 0.84968523242973348 
 0.85049804426748443 
 0.85131079682585453 
 0.85212349097436502 
 0.85293612746480096 
 0.85374870704893735 
 0.85456123047854993 
 0.85537369850541356 
 0.85618611188130422 
 0.85699847135799678 
 0.85781077768726688 
 0.85862303162088938 
 0.85943523391064036 
 0.86024738530829481 
 0.86105948656562781 
 0.86187153843441511 
 0.86268354166643191 
 0.86349549701345363 
 0.86430740522725547 
 0.86511926705961295 
 0.86593108326230128 
 0.86674285458709610 
 0.86755458178577238 
 0.86836626561010577 
 0.86917790681187135 
 0.86998950614284487 
 0.87080106435480120 
 0.87161258219951598 
 0.87242406042876453 
 0.87323549979432236 
 0.87404690104796445 
 0.87485826494146635 
 0.87566959222660345 
 0.87648088365515120 
 0.87729213997888467 
 0.87810336194957939 
 0.87891455031901078 
 0.87972570583895404 
 0.88053682926118459 
 0.88134792133747764 
 0.88215898281960892 
 0.88297001445935330 
 0.88378101700848655 
 0.88459199121878374 
 0.88540293784202051 
 0.88621385762997185 
 0.88702475133441339 
 0.88783561970712022 
 0.88864646349986809 
 0.88945728346443198 
 0.89026808035258753 
 0.89107885491610972 
 0.89188960790677430 
 0.89270034007635635 
 0.89351105217663163 
 0.89432174495937478 
 0.89513241917636177 
 0.89594307552321084 
 0.89675371357060130 
 0.89756433184974582 
 0.89837492885282821 
 0.89918550307203271 
 0.89999605299954299 
 0.90080657712754308 
 0.90161707394821677 
 0.90242754195374819 
 0.90323797963632102 
 0.90404838548811950 
 0.90485875800132709 
 0.90566909566812825 
 0.90647939698070645 
 0.90728966043124581 
 0.90809988451193024 
 0.90891006771494376 
 0.90972020853246993 
 0.91053030545669300 
 0.91134035697979676 
 0.91215036159396534 
 0.91296031779138231 
 0.91377022406423181 
 0.91458007890469772 
 0.91538988080496408 
 0.91619962825721457 
 0.91700931975363309 
 0.91781895378640388 
 0.91862852884771051 
 0.91943804342973734 
 0.92024749602466760 
 0.92105688512468598 
 0.92186620922197571 
 0.92267546680872137 
 0.92348465637710619 
 0.92429377641931476 
 0.92510282541351596 
 0.92591179857777706 
 0.92672068370910932 
 0.92752946757716881 
 0.92833813695161072 
 0.92914667860209077 
 0.92995507929826426 
 0.93076332580978727 
 0.93157140490631474 
 0.93237930335750285 
 0.93318700793300668 
 0.93399450540248208 
 0.93480178253558444 
 0.93560882610196960 
 0.93641562287129287 
 0.93722215961320976 
 0.93802842309737611 
 0.93883440009344721 
 0.93964007737107891 
 0.94044544177840450 
 0.94125048154055846 
 0.94205518605700467 
 0.94285954476482969 
 0.94366354710111955 
 0.94446718250296091 
 0.94527044040743935 
 0.94607331025164165 
 0.94687578147265383 
 0.94767784350756235 
 0.94847948579345309 
 0.94928069776741264 
 0.95008146886652689 
 0.95088178852788263 
 0.95168164618856543 
 0.95248103128566219 
 0.95327993325625848 
 0.95407834153744142 
 0.95487624586658904 
 0.95567363715439968 
 0.95647050659810018 
 0.95726684539491647 
 0.95806264474207603 
 0.95885789583680492 
 0.95965258987632995 
 0.96044671805787740 
 0.96124027157867420 
 0.96203324163594672 
 0.96282561942692169 
 0.96361739614882547 
 0.96440856299888467 
 0.96519911117432611 
 0.96598903187237639 
 0.96677831820924065 
 0.96756698600374680 
 0.96835506591109854 
 0.96914258884242965 
 0.96992958570887244 
 0.97071608742156046 
 0.97150212489162657 
 0.97228772903020411 
 0.97307293074842605 
 0.97385776095742504 
 0.97464225056833476 
 0.97542643049228772 
 0.97621033164041726 
 0.97699398492385647 
 0.97777742125373857 
 0.97856067350677356 
 0.97934380685047029 
 0.98012691287038978 
 0.98091008392826617 
 0.98169341238583252 
 0.98247699060482263 
 0.98326091094697021 
 0.98404526577400886 
 0.98483014744767206 
 0.98561564832969351 
 0.98640186078180647 
 0.98718887716574499 
 0.98797678984324233 
 0.98876570135440223 
 0.98955575470724799 
 0.99034710296576300 
 0.99113989919393031 
 0.99193429645573272 
 0.99273044781515396 
 0.99352850633617662 
 0.99432862508278441 
 0.99513095711895994 
 0.99593565550868679 
 0.99674287331594802 
 0.99755276360472689 
 0.99836547943900622 
 0.99918117388276972 
 1.00000000000000000 
