 0.00000000000000000 
 0.00248760354245327 
 0.00497520708490654 
 0.00746281062735981 
 0.00995041416981308 
 0.01243801771226635 
 0.01492562125471962 
 0.01741322479717290 
 0.01990082833962616 
 0.02238843188207943 
 0.02487603542453270 
 0.02736363896698597 
 0.02985124250943924 
 0.03233884605189251 
 0.03482644959434578 
 0.03731405313679905 
 0.03980165667925233 
 0.04228926022170560 
 0.04477686376415886 
 0.04726446730661214 
 0.04975207084906540 
 0.05223967439151867 
 0.05472727793397194 
 0.05721488147642521 
 0.05970248501887849 
 0.06219008856133175 
 0.06467769210378502 
 0.06716529564623830 
 0.06965289918869157 
 0.07214050273114483 
 0.07462810627359809 
 0.07711570981605137 
 0.07960331335850465 
 0.08209091690095792 
 0.08457852044341120 
 0.08706612398586446 
 0.08955372752831772 
 0.09204133107077100 
 0.09452893461322427 
 0.09701653815567754 
 0.09950414169813079 
 0.10199174524058408 
 0.10447934878303734 
 0.10696695232549062 
 0.10945455586794388 
 0.11194215941039715 
 0.11442976295285041 
 0.11691736649530370 
 0.11940497003775698 
 0.12189257358021023 
 0.12438017712266350 
 0.12686778066511678 
 0.12935538420757003 
 0.13184298775002329 
 0.13433059129247660 
 0.13681819483492985 
 0.13930579837738313 
 0.14179340191983639 
 0.14428100546228967 
 0.14676860900474295 
 0.14925621254719620 
 0.15174381608964949 
 0.15423141963210277 
 0.15671902317455605 
 0.15920662671700930 
 0.16169423025946256 
 0.16418183380191584 
 0.16666943734436909 
 0.16915704088682240 
 0.17164464442927563 
 0.17413224797172891 
 0.17661985151418219 
 0.17910745505663545 
 0.18159505859908873 
 0.18408266214154201 
 0.18657026568399526 
 0.18905786922644854 
 0.19154547276890180 
 0.19403307631135508 
 0.19652067985380836 
 0.19900828339626159 
 0.20149588693871487 
 0.20398349048116815 
 0.20647109402362143 
 0.20895869756607469 
 0.21144630110852797 
 0.21393390465098125 
 0.21642150819343448 
 0.21890911173588776 
 0.22139671527834104 
 0.22388431882079429 
 0.22637192236324755 
 0.22885952590570083 
 0.23134712944815417 
 0.23383473299060739 
 0.23632233653306067 
 0.23880994007551395 
 0.24129754361796721 
 0.24378514716042046 
 0.24627275070287374 
 0.24876035424532700 
 0.25124795778778025 
 0.25373556133023356 
 0.25622316487268681 
 0.25871076841514007 
 0.26119837195759338 
 0.26368597550004658 
 0.26617357904249994 
 0.26866118258495320 
 0.27114878612740645 
 0.27363638966985970 
 0.27612399321231301 
 0.27861159675476627 
 0.28109920029721952 
 0.28358680383967277 
 0.28607440738212608 
 0.28856201092457934 
 0.29104961446703259 
 0.29353721800948590 
 0.29602482155193910 
 0.29851242509439241 
 0.30100002863684572 
 0.30348763217929897 
 0.30597523572175223 
 0.30846283926420554 
 0.31095044280665879 
 0.31343804634911204 
 0.31592564989156535 
 0.31841325343401861 
 0.32090085697647186 
 0.32338846051892511 
 0.32587606406137837 
 0.32836366760383168 
 0.33085127114628488 
 0.33333887468873818 
 0.33582647823119144 
 0.33831408177364480 
 0.34080168531609800 
 0.34328928885855126 
 0.34577689240100457 
 0.34826449594345782 
 0.35075209948591113 
 0.35323970302836438 
 0.35572730657081758 
 0.35821491011327089 
 0.36070251365572414 
 0.36319011719817745 
 0.36567772074063071 
 0.36816532428308402 
 0.37065292782553722 
 0.37314053136799052 
 0.37562813491044383 
 0.37811573845289709 
 0.38060334199535034 
 0.38309094553780360 
 0.38557854908025685 
 0.38806615262271016 
 0.39055375616516341 
 0.39304135970761672 
 0.39552896325006992 
 0.39801656679252317 
 0.40050417033497648 
 0.40299177387742974 
 0.40547937741988305 
 0.40796698096233630 
 0.41045458450478961 
 0.41294218804724286 
 0.41542979158969617 
 0.41791739513214937 
 0.42040499867460263 
 0.42289260221705594 
 0.42538020575950919 
 0.42786780930196250 
 0.43035541284441575 
 0.43284301638686895 
 0.43533061992932226 
 0.43781822347177551 
 0.44030582701422877 
 0.44279343055668208 
 0.44528103409913533 
 0.44776863764158858 
 0.45025624118404184 
 0.45274384472649509 
 0.45523144826894840 
 0.45771905181140166 
 0.46020665535385502 
 0.46269425889630833 
 0.46518186243876158 
 0.46766946598121478 
 0.47015706952366809 
 0.47264467306612135 
 0.47513227660857466 
 0.47761988015102791 
 0.48010748369348116 
 0.48259508723593442 
 0.48508269077838767 
 0.48757029432084092 
 0.49005789786329423 
 0.49254550140574749 
 0.49503310494820080 
 0.49752070849065400 
 0.50000831203310725 
 0.50249591557556050 
 0.50498351911801387 
 0.50747112266046712 
 0.50995872620292038 
 0.51244632974537363 
 0.51493393328782688 
 0.51742153683028014 
 0.51990914037273339 
 0.52239674391518676 
 0.52488434745764001 
 0.52737195100009315 
 0.52985955454254652 
 0.53234715808499988 
 0.53483476162745314 
 0.53732236516990639 
 0.53980996871235964 
 0.54229757225481290 
 0.54478517579726615 
 0.54727277933971941 
 0.54976038288217266 
 0.55224798642462603 
 0.55473558996707928 
 0.55722319350953253 
 0.55971079705198579 
 0.56219840059443904 
 0.56468600413689229 
 0.56717360767934555 
 0.56966121122179891 
 0.57214881476425217 
 0.57463641830670531 
 0.57712402184915867 
 0.57961162539161193 
 0.58209922893406518 
 0.58458683247651844 
 0.58707443601897180 
 0.58956203956142494 
 0.59204964310387820 
 0.59453724664633156 
 0.59702485018878482 
 0.59951245373123807 
 0.60200005727369144 
 0.60448766081614469 
 0.60697526435859794 
 0.60946286790105120 
 0.61195047144350445 
 0.61443807498595771 
 0.61692567852841107 
 0.61941328207086432 
 0.62190088561331758 
 0.62438848915577083 
 0.62687609269822409 
 0.62936369624067734 
 0.63185129978313059 
 0.63433890332558396 
 0.63682650686803721 
 0.63931411041049047 
 0.64180171395294372 
 0.64428931749539697 
 0.64677692103785023 
 0.64926452458030348 
 0.65175212812275674 
 0.65423973166520999 
 0.65672733520766335 
 0.65921493875011661 
 0.66170254229256975 
 0.66419014583502312 
 0.66667774937747637 
 0.66916535291992962 
 0.67165295646238288 
 0.67414056000483624 
 0.67662816354728961 
 0.67911576708974275 
 0.68160337063219600 
 0.68409097417464937 
 0.68657857771710251 
 0.68906618125955588 
 0.69155378480200913 
 0.69404138834446227 
 0.69652899188691564 
 0.69901659542936889 
 0.70150419897182226 
 0.70399180251427540 
 0.70647940605672876 
 0.70896700959918202 
 0.71145461314163516 
 0.71394221668408853 
 0.71642982022654178 
 0.71891742376899515 
 0.72140502731144829 
 0.72389263085390154 
 0.72638023439635491 
 0.72886783793880805 
 0.73135544148126141 
 0.73384304502371467 
 0.73633064856616803 
 0.73881825210862118 
 0.74130585565107443 
 0.74379345919352780 
 0.74628106273598105 
 0.74876866627843430 
 0.75125626982088767 
 0.75374387336334081 
 0.75623147690579418 
 0.75871908044824743 
 0.76120668399070068 
 0.76369428753315394 
 0.76618189107560719 
 0.76866949461806056 
 0.77115709816051370 
 0.77364470170296695 
 0.77613230524542032 
 0.77861990878787346 
 0.78110751233032683 
 0.78359511587278008 
 0.78608271941523344 
 0.78857032295768659 
 0.79105792650013984 
 0.79354553004259321 
 0.79603313358504635 
 0.79852073712749971 
 0.80100834066995297 
 0.80349594421240611 
 0.80598354775485948 
 0.80847115129731273 
 0.81095875483976609 
 0.81344635838221924 
 0.81593396192467260 
 0.81842156546712597 
 0.82090916900957922 
 0.82339677255203236 
 0.82588437609448573 
 0.82837197963693898 
 0.83085958317939235 
 0.83334718672184549 
 0.83583479026429874 
 0.83832239380675211 
 0.84080999734920525 
 0.84329760089165862 
 0.84578520443411187 
 0.84827280797656512 
 0.85076041151901838 
 0.85324801506147163 
 0.85573561860392500 
 0.85822322214637814 
 0.86071082568883150 
 0.86319842923128476 
 0.86568603277373790 
 0.86817363631619127 
 0.87066123985864452 
 0.87314884340109777 
 0.87563644694355103 
 0.87812405048600439 
 0.88061165402845754 
 0.88309925757091079 
 0.88558686111336415 
 0.88807446465581741 
 0.89056206819827066 
 0.89304967174072392 
 0.89553727528317717 
 0.89802487882563042 
 0.90051248236808368 
 0.90300008591053704 
 0.90548768945299019 
 0.90797529299544355 
 0.91046289653789680 
 0.91295050008034995 
 0.91543810362280331 
 0.91792570716525657 
 0.92041331070771004 
 0.92290091425016330 
 0.92538851779261666 
 0.92787612133506980 
 0.93036372487752317 
 0.93285132841997642 
 0.93533893196242957 
 0.93782653550488293 
 0.94031413904733618 
 0.94280174258978944 
 0.94528934613224269 
 0.94777694967469595 
 0.95026455321714931 
 0.95275215675960245 
 0.95523976030205582 
 0.95772736384450907 
 0.96021496738696233 
 0.96270257092941558 
 0.96519017447186883 
 0.96767777801432209 
 0.97016538155677534 
 0.97265298509922871 
 0.97514058864168185 
 0.97762819218413510 
 0.98011579572658847 
 0.98260339926904172 
 0.98509100281149498 
 0.98757860635394823 
 0.99006620989640159 
 0.99255381343885474 
