30
 0.00000000000000000 
 0.01002579609534197 
 0.02005159219068393 
 0.03007738828602590 
 0.04010318438136788 
 0.05012898047670984 
 0.06015477657205180 
 0.07018057266739378 
 0.08020636876273574 
 0.09023216485807770 
 0.10025796095341967 
 0.11028375704876164 
 0.12030955314410360 
 0.13033534923944556 
 0.14036114533478755 
 0.15038694143012948 
 0.16041273752547147 
 0.17043853362081349 
 0.18046432971615539 
 0.19049012581149741 
 0.20051592190683934 
 0.21054171800218133 
 0.22056751409752329 
 0.23059331019286522 
 0.24061910628820721 
 0.25064490238354920 
 0.26067069847889113 
 0.27069649457423312 
 0.28072229066957510 
 0.29074808676491709 
 0.30077388286025897 
 0.31079967895560101 
 0.32082547505094294 
 0.33085127114628488 
 0.34087706724162697 
 0.35090286333696885 
 0.36092865943231078 
 0.37095445552765283 
 0.38098025162299481 
 0.39100604771833675 
 0.40103184381367868 
 0.41105763990902067 
 0.42108343600436265 
 0.43110923209970459 
 0.44113502819504657 
 0.45116082429038851 
 0.46118662038573044 
 0.47121241648107248 
 0.48123821257641441 
 0.49126400867175640 
 0.50128980476709839 
 0.51131560086244032 
 0.52134139695778225 
 0.53136719305312419 
 0.54139298914846623 
 0.55141878524380816 
 0.56144458133915021 
 0.57147037743449214 
 0.58149617352983418 
 0.59152196962517600 
 0.60154776572051794 
 0.61157356181586009 
 0.62159935791120202 
 0.63162515400654395 
 0.64165095010188589 
 0.65167674619722782 
 0.66170254229256975 
 0.67172833838791179 
 0.68175413448325395 
 0.69177993057859588 
 0.70180572667393770 
 0.71183152276927963 
 0.72185731886462157 
 0.73188311495996350 
 0.74190891105530565 
 0.75193470715064770 
 0.76196050324598963 
 0.77198629934133156 
 0.78201209543667349 
 0.79203789153201543 
 0.80206368762735736 
 0.81208948372269940 
 0.82211527981804133 
 0.83214107591338338 
 0.84216687200872531 
 0.85219266810406724 
 0.86221846419940917 
 0.87224426029475111 
 0.88227005639009315 
 0.89229585248543508 
 0.90232164858077701 
 0.91234744467611895 
 0.92237324077146088 
 0.93239903686680303 
 0.94242483296214496 
 0.95245062905748690 
 0.96247642515282883 
 0.97250222124817098 
 0.98252801734351281 
 0.99255381343885474 
