   1.0001369014121488
   1.0001369014118615
   1.0001369014075583
   1.0001369013889152
   1.0001369013387191
   1.0001369012328603
   1.0001369010403196
   1.0001369007231535
   1.0001369002364751
   1.0001368995284314
   1.0001368985401786
   1.0001368972058522
   1.0001368954525340
   1.0001368932002166
   1.0001368903617636
   1.0001368868428657
   1.0001368825419952
   1.0001368773503552
   1.0001368711518255
   1.0001368638229053
   1.0001368552326533
   1.0001368452426214
   1.0001368337067877
   1.0001368204714844
   1.0001368053753239
   1.0001367882491303
   1.0001367689158516
   1.0001367471904703
   1.0001367228799134
   1.0001366957829660
   1.0001366656902413
   1.0001366323840615
   1.0001365956383237
   1.0001365552183916
   1.0001365108809550
   1.0001364623738995
   1.0001364094362175
   1.0001363517979054
   1.0001362891801173
   1.0001362212950311
   1.0001361478455213
   1.0001360685250178
   1.0001359830173608
   1.0001358909966704
   1.0001357921272931
   1.0001356860639361
   1.0001355724512999
   1.0001354509241334
   1.0001353211077171
   1.0001351826171156
   1.0001350350566807
   1.0001348780197732
   1.0001347110890941
   1.0001345338383167
   1.0001343458311369
   1.0001341466202849
   1.0001339357473693
   1.0001337127430616
   1.0001334771279518
   1.0001332284119411
   1.0001329660964360
   1.0001326896729039
   1.0001323986206270
   1.0001320924070829
   1.0001317704928161
   1.0001314323308337
   1.0001310773634975
   1.0001307050225623
   1.0001303147311749
   1.0001299059042010
   1.0001294779531327
   1.0001290302816208
   1.0001285622811493
   1.0001280733388647
   1.0001275628428847
   1.0001270301748657
   1.0001264747100347
   1.0001258958202996
   1.0001252928796029
   1.0001246652672322
   1.0001240123544111
   1.0001233335142534
   1.0001226281338169
   1.0001218956029196
   1.0001211353143615
   1.0001203466689395
   1.0001195290905998
   1.0001186820111743
   1.0001178048693640
   1.0001168971362107
   1.0001159583022434
   1.0001149878749049
   1.0001139853879959
   1.0001129504202766
   1.0001118825678288
   1.0001107814662662
   1.0001096468010728
   1.0001084782944272
   1.0001072757092375
   1.0001060388772278
   1.0001047676727295
   1.0001034620294320
   1.0001021219549981
   1.0001007475168795
   1.0000993388516066
   1.0000978961864759
   1.0000964198129765
   1.0000949101171690
   1.0000933675748187
   1.0000917927455548
   1.0000901862961371
   1.0000885489864761
   1.0000868816810167
   1.0000851853529256
   1.0000834610801399
   1.0000817100539683
   1.0000799335772046
   1.0000781330660542
   1.0000763100492940
   1.0000744661734347
   1.0000726031906737
   1.0000707229727548
   1.0000688274916196
   1.0000669188325675
   1.0000649991752131
   1.0000630707990403
   1.0000611360752909
   1.0000591974501902
   1.0000572574587032
   1.0000553186856764
   1.0000533837916772
   1.0000514554608582
   1.0000495364383424
   1.0000476294645300
   1.0000457373164349
   1.0000438627405994
   1.0000420084918336
   1.0000401772705738
   1.0000383717498007
   1.0000365945277376
   1.0000348481324117
   1.0000331350055698
   1.0000314574733400
   1.0000298177652784
   1.0000282179517801
   1.0000266599913232
   1.0000251456620086
   1.0000236765959039
   1.0000222542463717
   1.0000208798810826
   1.0000195545954857
   1.0000182792759547
   1.0000170546287119
   1.0000158811585689
   1.0000147591694077
   1.0000136887808768
   1.0000126699115275
   1.0000117022962189
   1.0000107854911955
   1.0000099188738980
   1.0000091016595991
   1.0000083329075287
   1.0000076115307699
   1.0000069363102670
   1.0000063059046802
   1.0000057188654052
   1.0000051736493489
   1.0000046686303150
   1.0000042021160955
   1.0000037723618351
   1.0000033775805173
   1.0000030159583349
   1.0000026856693991
   1.0000023848861608
   1.0000021117890496
   1.0000018645802060
   1.0000016414952517
   1.0000014408096414
   1.0000012608445692
   1.0000010999804279
   1.0000009566589154
   1.0000008293895197
   1.0000007167537102
   1.0000006174079605
   1.0000005300861432
   1.0000004536009839
   1.0000003868445380
   1.0000003287880421
   1.0000002784807063
   1.0000002350480337
   1.0000001976895854
   1.0000001656762674
   1.0000001383472665
   1.0000001151064044
   1.0000000954184791
   1.0000000788053713
   1.0000000648419933
   1.0000000531522450
   1.0000000434050087
   1.0000000353102079
   1.0000000286149182
   1.0000000230997537
   1.0000000185753366
   1.0000000148789616
   1.0000000118715844
   1.0000000094349437
   1.0000000074689481
   1.0000000058893199
   1.0000000046254427
   1.0000000036184391
   1.0000000028194693
   1.0000000021882156
   1.0000000016915653
   1.0000000013024535
   1.0000000009988719
   1.0000000007630097
   1.0000000005805243
   1.0000000004399241
   1.0000000003320439
   1.0000000002496119
   1.0000000001868852
   1.0000000001393494
   1.0000000001034741
   1.0000000000765104
   1.0000000000563281
   1.0000000000412839
   1.0000000000301166
   1.0000000000218616
   1.0000000000157856
   1.0000000000113325
   1.0000000000080833
   1.0000000000057230
   1.0000000000040159
   1.0000000000027871
   1.0000000000019071
   1.0000000000012790
   1.0000000000008331
   1.0000000000005176
   1.0000000000002947
   1.0000000000001372
   1.0000000000000260
   0.9999999999999465
   0.9999999999998889
   0.9999999999998459
   0.9999999999998127
   0.9999999999997858
   0.9999999999997629
   0.9999999999997423
   0.9999999999997231
   0.9999999999997046
   0.9999999999996861
   0.9999999999996679
   0.9999999999996497
   0.9999999999996313
   0.9999999999996129
   0.9999999999995946
   0.9999999999995765
   0.9999999999995584
   0.9999999999995407
   0.9999999999995234
   0.9999999999995065
   0.9999999999994901
   0.9999999999994742
   0.9999999999994590
   0.9999999999994443
   0.9999999999994306
   0.9999999999994172
   0.9999999999994046
   0.9999999999993928
   0.9999999999993816
   0.9999999999993712
   0.9999999999993614
   0.9999999999993524
   0.9999999999993440
   0.9999999999993361
   0.9999999999993289
   0.9999999999993223
   0.9999999999993163
   0.9999999999993108
   0.9999999999993058
   0.9999999999993012
   0.9999999999992971
   0.9999999999992933
   0.9999999999992900
   0.9999999999992870
   0.9999999999992845
   0.9999999999992821
   0.9999999999992800
   0.9999999999992782
   0.9999999999992767
   0.9999999999992753
   0.9999999999992740
   0.9999999999992731
   0.9999999999992723
   0.9999999999992716
   0.9999999999992710
   0.9999999999992706
   0.9999999999992703
   0.9999999999992700
   0.9999999999992699
   0.9999999999992698
