   0.0000000000000000
   0.0000496571166325
   0.0001986334210855
   0.0004469437768862
   0.0007946129561135
   0.0012416756386945
   0.0017881764114113
   0.0024341697666110
   0.0031797201006068
   0.0040249017117596
   0.0049697987982229
   0.0060145054553358
   0.0071591256726433
   0.0084037733305201
   0.0097485721963775
   0.0111936559204216
   0.0127391680309364
   0.0143852619290592
   0.0161321008830124
   0.0179798580217562
   0.0199287163280214
   0.0219788686306800
   0.0241305175964081
   0.0263838757205945
   0.0287391651872496
   0.0311966171995613
   0.0337564722509245
   0.0364189802886165
   0.0391844006656633
   0.0420530019325368
   0.0450250604019339
   0.0481008604231458
   0.0512806949442934
   0.0545648654132219
   0.0579536820585281
   0.0614474639865714
   0.0650465386393353
   0.0687512413474650
   0.0725619107822423
   0.0764788888638036
   0.0805025236103067
   0.0846331692074821
   0.0888711861632664
   0.0932169405751948
   0.0976708025560585
   0.1022331422192139
   0.1069043321992979
   0.1116847457557709
   0.1165747507277815
   0.1215747142880783
   0.1266850051847759
   0.1319059940827846
   0.1372380492294438
   0.1426815218537945
   0.1482367516434030
   0.1539040728772090
   0.1596838138939098
   0.1655762932296936
   0.1715818113837146
   0.1777006536762390
   0.1839330766206867
   0.1902793139226235
   0.1967395864808221
   0.2033140984361529
   0.2100030103988234
   0.2168064404476021
   0.2237244786116883
   0.2307571843235435
   0.2379045738485510
   0.2451666173938828
   0.2525432187351325
   0.2600342300758590
   0.2676394660282603
   0.2753586726384397
   0.2831915056154540
   0.2911375558352799
   0.2991963462830202
   0.3073673173692881
   0.3156498104509530
   0.3240430559145425
   0.3325462075317824
   0.3411583129672146
   0.3498782787452591
   0.3587048981388775
   0.3676368459256567
   0.3766726622646211
   0.3858107205513985
   0.3950492534629715
   0.4043863518242797
   0.4138199136384631
   0.4233476655540936
   0.4329671608948103
   0.4426757608871252
   0.4524706090725604
   0.4623486581971326
   0.4723066422591160
   0.4823410620708425
   0.4924481934490065
   0.5026240742553793
   0.5128644919659375
   0.5231649823037469
   0.5335208227151880
   0.5439270279201767
   0.5543783402381051
   0.5648692248403265
   0.5753938865403754
   0.5859462282760838
   0.5965198888432080
   0.6071082340011077
   0.6177043183479630
   0.6283009682314013
   0.6388907022099704
   0.6494657830473727
   0.6600182469651541
   0.6705398213967685
   0.6810220755470569
   0.6914563004014144
   0.7018336036055433
   0.7121449410366191
   0.7223810237581005
   0.7325325364372007
   0.7425899420190796
   0.7525437078411753
   0.7623841833477937
   0.7721017456300988
   0.7816867687950990
   0.7911296695402901
   0.8004210115188917
   0.8095514182748813
   0.8185117870568222
   0.8272931465458601
   0.8358869055483081
   0.8442846766556604
   0.8524785585083030
   0.8604609560112975
   0.8682248401509974
   0.8757635936766558
   0.8830712331322951
   0.8901423039197084
   0.8969720319677763
   0.9035562927611024
   0.9098916579045232
   0.9159754570945762
   0.9218057250464763
   0.9273813350653115
   0.9327018792194421
   0.9377677971594635
   0.9425802856828771
   0.9471413440134672
   0.9514537487873463
   0.9555210207186756
   0.9593474265578629
   0.9629379213462967
   0.9662981293686485
   0.9694342848734113
   0.9723532034210810
   0.9750622062329521
   0.9775690715612935
   0.9798819940605595
   0.9820094769210959
   0.9839603037101059
   0.9857434766058587
   0.9873681035676111
   0.9888433787209482
   0.9901785202925528
   0.9913826611414809
   0.9924648303776462
   0.9934339103942605
   0.9942985440373412
   0.9950671062586232
   0.9957476878615962
   0.9963480382093867
   0.9968755279631570
   0.9973371415572704
   0.9977394692990242
   0.9980886783794233
   0.9983905007244550
   0.9986502480919119
   0.9988728237564286
   0.9990627031273772
   0.9992239647277488
   0.9993602995778722
   0.9994750292558472
   0.9995711264823641
   0.9996512361397655
   0.9997176976325533
   0.9997725682296801
   0.9998176462024534
   0.9998544945999487
   0.9998844639773374
   0.9999087143261916
   0.9999282359307385
   0.9999438689463743
   0.9999563220973283
   0.9999661894868132
   0.9999739660698267
   0.9999800616970855
   0.9999848136535401
   0.9999884977554818
   0.9999913381204805
   0.9999935157689828
   0.9999951759226941
   0.9999964343738073
   0.9999973828807386
   0.9999980936616225
   0.9999986232028738
   0.9999990154092993
   0.9999993041783881
   0.9999995155135560
   0.9999996692395897
   0.9999997803652467
   0.9999998601883042
   0.9999999171503582
   0.9999999575257864
   0.9999999859419696
   1.0000000057941743
   1.0000000195551599
   1.0000000290150355
   1.0000000354618666
   1.0000000398149957
   1.0000000427282518
   1.0000000446610464
   1.0000000459363960
   1.0000000467771288
   1.0000000473378532
   1.0000000477230049
   1.0000000480032674
   1.0000000482255980
   1.0000000484195737
   1.0000000486052334
   1.0000000487923089
   1.0000000489887959
   1.0000000491950358
   1.0000000494139301
   1.0000000496416430
   1.0000000498789845
   1.0000000501206960
   1.0000000503665649
   1.0000000506115130
   1.0000000508544993
   1.0000000510915943
   1.0000000513208638
   1.0000000515399781
   1.0000000517462173
   1.0000000519386985
   1.0000000521145023
   1.0000000522733874
   1.0000000524132648
   1.0000000525334614
   1.0000000526335078
   1.0000000527119588
   1.0000000527695114
   1.0000000528051349
   1.0000000528188422
   1.0000000528118780
   1.0000000527822746
   1.0000000527330786
   1.0000000526628816
   1.0000000525724966
   1.0000000524649277
   1.0000000523369916
   1.0000000521932355
   1.0000000520338288
   1.0000000518570247
   1.0000000516687304
   1.0000000514667804
   1.0000000512512917
   1.0000000510283316
   1.0000000507950051
   1.0000000505515636
   1.0000000503042985
   1.0000000500516479
   1.0000000497915584
   1.0000000495300694
   1.0000000492694034
   1.0000000490051626
   1.0000000487400391
   1.0000000484790157
   1.0000000482226581
   1.0000000479673279
   1.0000000477152515
   1.0000000474703541
   1.0000000472346335
   1.0000000470066344
   1.0000000467847616
   1.0000000465711083
   1.0000000463680463
   1.0000000461772076
   1.0000000459991132
   1.0000000458333480
   1.0000000456791880
   1.0000000455372107
   1.0000000454083724
   1.0000000452935152
   1.0000000451932616
   1.0000000451080189
   1.0000000450380464
   1.0000000449835087
   1.0000000449445021
   1.0000000449210782
   1.0000000449132667
