 0.00000000000000000 
 3.20246271519119130 
 5.14102803398125910 
 6.17599014018557920 
 6.73410397842470410 
 7.18108821725353330 
 7.52176443581421590 
 7.81933755606981060 
 8.09068459080116750 
 8.28633071287591070 
 8.42407658526714440 
 8.53922174539187220 
 8.64676727929480470 
 8.74839228446256810 
 8.84082011756276390 
 8.92565352884339980 
 9.00625590852284570 
 9.08599279759535250 
 9.16822289070728220 
 9.25317191666523620 
 9.33315857278128290 
 9.40436349877134250 
 9.46876488715582990 
 9.52865021070884670 
 9.58630694220449260 
 9.64390299202250740 
 9.70163253181454090 
 9.75824437875082400 
 9.81348531458558960 
 9.86749016280132100 
 9.92039438573360680 
 9.97233544553085420 
10.02353036987229400 
10.07430061193890400 
10.12497471222493100 
10.17588121122462000 
10.22734864943221600 
10.27970556734196200 
10.33313283661397900 
10.38713192896588600 
10.44100905113331700 
10.49407039262103900 
10.54562214293381600 
10.59497049157641300 
10.64143501360184800 
10.68492479378426600 
10.72615730279537200 
10.76590854477374000 
10.80495452385795500 
10.84407124418658700 
10.88403470989821800 
10.92551914834927200 
10.96845753011461800 
11.01245482432131500 
11.05711454147934200 
11.10204019209866800 
11.14683528668927100 
11.19110610336119800 
11.23457259672276000 
11.27710601180911900 
11.31858807725245000 
11.35890052168493000 
11.39792507373873300 
11.43554346205374000 
11.47167265403104100 
11.50636803247033900 
11.53971896050787300 
11.57181480127988000 
11.60274491792259800 
11.63259867357226600 
11.66147141706168700 
11.68952865669173700 
11.71698143983081600 
11.74404158527825200 
11.77092091183336800 
11.79783123829548500 
11.82498337925565900 
11.85253507745938300 
11.88056569719672600 
11.90914829477705800 
11.93835592650974300 
11.96826164870414500 
11.99893851766962900 
12.03037658385350100 
12.06175883584718500 
12.09181389873635100 
12.11926531538791400 
12.14283662866877800 
12.16125138144585600 
12.17315975783305900 
12.17443067715704100 
12.15801923355638400 
12.12359707642770700 
12.07500590512212700 
12.01614405822422100 
11.95090987431854600 
11.88145590397709500 
11.80189969722279700 
11.70404865038323000 
11.57970995441294400 
