   0.0000000000000000
  -0.0000000018575489
  -0.0000000297090261
  -0.0000001504020216
  -0.0000004753861848
  -0.0000011607687377
  -0.0000024073922211
  -0.0000044609345023
  -0.0000076120310787
  -0.0000121964197230
  -0.0000185951075205
  -0.0000272345603578
  -0.0000385869149308
  -0.0000531702133477
  -0.0000715486604078
  -0.0000943329036497
  -0.0001221803362646
  -0.0001557954229816
  -0.0001959300490384
  -0.0002433838923587
  -0.0002990048190622
  -0.0003636893024466
  -0.0004383828655795
  -0.0005240805476544
  -0.0006218273910963
  -0.0007327189398903
  -0.0008579017850698
  -0.0009985741320443
  -0.0011559863874121
  -0.0013314417586842
  -0.0015262967866994
  -0.0017419620323009
  -0.0019799028103155
  -0.0022416398999032
  -0.0025287503249253
  -0.0028428681397943
  -0.0031856851690020
  -0.0035589517890034
  -0.0039644773316581
  -0.0044041309564169
  -0.0048798428414137
  -0.0053936051098103
  -0.0059474727796438
  -0.0065435647158745
  -0.0071840644796588
  -0.0078712209107957
  -0.0086073495116350
  -0.0093948331926928
  -0.0102361223753774
  -0.0111337370358392
  -0.0120902683838878
  -0.0131083802199572
  -0.0141908093644449
  -0.0153403640720028
  -0.0165599265113449
  -0.0178524553252381
  -0.0192209869139739
  -0.0206686362122253
  -0.0221985964396591
  -0.0238141411564539
  -0.0255186219392507
  -0.0273154718166469
  -0.0292082100026238
  -0.0312004425015787
  -0.0332958556319489
  -0.0354982182411324
  -0.0378113878925484
  -0.0402393121149096
  -0.0427860265843976
  -0.0454556559379777
  -0.0482524072405331
  -0.0511805785803807
  -0.0542445674821916
  -0.0574488596917973
  -0.0607980220659400
  -0.0642967160508676
  -0.0679496991810864
  -0.0717618216512336
  -0.0757380188851491
  -0.0798833076043985
  -0.0842028098415643
  -0.0887017378550266
  -0.0933853755318639
  -0.0982590987064396
  -0.1033283766640734
  -0.1085987653785659
  -0.1140758823883507
  -0.1197654355347145
  -0.1256732264244547
  -0.1318051067893557
  -0.1381670028524079
  -0.1447649222573427
  -0.1516049384430290
  -0.1586931565770455
  -0.1660357687215578
  -0.1736390122284293
  -0.1815091509375988
  -0.1896525028575412
  -0.1980754350865547
  -0.2067843040512743
  -0.2157855153641889
  -0.2250854876489690
  -0.2346906202802294
  -0.2446073285320384
  -0.2548420233180309
  -0.2654010545817236
  -0.2762907861738838
  -0.2875175110011513
  -0.2990874636414128
  -0.3110068472510662
  -0.3232817448390054
  -0.3359181813766169
  -0.3489220738135687
  -0.3622992060968381
  -0.3760552705497228
  -0.3901957793656186
  -0.4047261179784104
  -0.4196514946830472
  -0.4349769237996841
  -0.4507072519747764
  -0.4668470802720717
  -0.4834008180241107
  -0.5003726155823172
  -0.5177663867026957
  -0.5355857759308668
  -0.5538341550332153
  -0.5725146125825540
  -0.5916299345001576
  -0.6111826086823387
  -0.6311748006808687
  -0.6516083584080818
  -0.6724847990052635
  -0.6938053051237250
  -0.7155707245580284
  -0.7377815596537722
  -0.7604379808336238
  -0.7835398094127836
  -0.8070865401075652
  -0.8310773259035450
  -0.8555110017935528
  -0.8803860836215401
  -0.9057007741777943
  -0.9314529937160943
  -0.9576403557661734
  -0.9842602403762122
  -1.0113097378712903
  -1.0387857407304322
  -1.0666849031486008
  -1.0950036915597012
  -1.1237384124078769
  -1.1528851907059301
  -1.1824400604962355
  -1.2123989182748438
  -1.2427575857429101
  -1.2735118413586981
  -1.3046573874509826
  -1.3361899402336030
  -1.3681052093199713
  -1.4003989050075316
  -1.4330668071431838
  -1.4661047338078648
  -1.4995085619365132
  -1.5332742752820609
  -1.5673979361403392
  -1.6018756987146299
  -1.6367038449284383
  -1.6718787616127404
  -1.7073969395327013
  -1.7432549964321149
  -1.7794496642050039
  -1.8159777748101729
  -1.8528362661941695
  -1.8900221775095118
  -1.9275326334174747
  -1.9653648309421650
  -2.0035160348708345
  -2.0419835668468136
  -2.0807647860329066
  -2.1198570729399586
  -2.1592578238595790
  -2.1989644294961215
  -2.2389742617767099
  -2.2792846586252615
  -2.3198929087792548
  -2.3607962371780382
  -2.4019917905944799
  -2.4434766235802909
  -2.4852476849856653
  -2.5273018047958584
  -2.5696356816573349
  -2.6122458709738612
  -2.6551287735888249
  -2.6982806250540365
  -2.7416974853600120
  -2.7853752293103589
  -2.8293095373879948
  -2.8734958870964444
  -2.9179295447723539
  -2.9626055578297446
  -3.0075187473942688
  -3.0526637012861553
  -3.0980347673594899
  -3.1436260471284783
  -3.1894313896744211
  -3.2354443858282167
  -3.2816583625813407
  -3.3280663777300430
  -3.3746612147400343
  -3.4214353778192192
  -3.4683810871984404
  -3.5154902746186645
  -3.5627545790254045
  -3.6101653424756153
  -3.6577136062628108
  -3.7053901072694666
  -3.7531852745564600
  -3.8010892262014515
  -3.8490917663994622
  -3.8971823828394285
  -3.9453502443723569
  -3.9935841989867567
  -4.0418727721081504
  -4.0902041652399266
  -4.1385662549631537
  -4.1869465923134248
  -4.2353324025531007
  -4.2837105853572552
  -4.3320677154321547
  -4.3803900435844598
  -4.4286634982601223
  -4.4768736875707811
  -4.5250059018263276
  -4.5730451165909081
  -4.6209759962802552
  -4.6687828983168744
  -4.7164498778597768
  -4.7639606931242540
  -4.8112988113067647
  -4.8584474151291470
  -4.9053894100151432
  -4.9521074319117915
  -4.9985838557663103
  -5.0448008046688377
  -5.0907401596690338
  -5.1363835702741998
  -5.1817124656340798
  -5.2267080664166663
  -5.2713513973771899
  -5.3156233006207616
  -5.3595044495574591
  -5.4029753635463038
  -5.4460164232229138
  -5.4886078865032131
  -5.5307299052534304
  -5.5723625426145613
  -5.6134857909666822
  -5.6540795905167185
  -5.6941238484903884
  -5.7335984589065978
  -5.7724833229107100
  -5.8107583696394904
  -5.8484035775892602
  -5.8853989964555655
  -5.9217247694100212
  -5.9573611557786785
  -5.9922885540824815
  -6.0264875253987826
  -6.0599388170011608
  -6.0926233862313035
  -6.1245224245556127
  -6.1556173817575628
  -6.1858899902137843
  -6.2153222892010449
  -6.2438966491801784
  -6.2715957960005992
  -6.2984028349682859
  -6.3243012747197129
  -6.3492750508428948
  -6.3733085491858894
  -6.3963866287932296
  -6.4184946444107398
  -6.4396184684989892
  -6.4597445126959361
  -6.4788597486700708
  -6.4969517283064002
  -6.5140086031684863
  -6.5300191431811490
  -6.5449727544799323
  -6.5588594963754652
  -6.5716700973827917
  -6.5833959702681737
  -6.5940292260682360
  -6.6035626870391937
  -6.6119898984967751
  -6.6193051395106073
  -6.6255034324201549
  -6.6305805511428213
  -6.6345330282483177
  -6.6373581607772998
  -6.6390540147860397
  -6.6396194286028445
