   0.0000000000000000
   0.0000496571166334
   0.0001986334210891
   0.0004469437768944
   0.0007946129561281
   0.0012416756387173
   0.0017881764114442
   0.0024341697666558
   0.0031797201006654
   0.0040249017118337
   0.0049697987983144
   0.0060145054554466
   0.0071591256727751
   0.0084037733306749
   0.0097485721965571
   0.0111936559206278
   0.0127391680311710
   0.0143852619293242
   0.0161321008833096
   0.0179798580220875
   0.0199287163283886
   0.0219788686310849
   0.0241305175968527
   0.0263838757210806
   0.0287391651877791
   0.0311966172001361
   0.0337564722515465
   0.0364189802892875
   0.0391844006663853
   0.0420530019333116
   0.0450250604027636
   0.0481008604240322
   0.0512806949452384
   0.0545648654142275
   0.0579536820595962
   0.0614474639877040
   0.0650465386405343
   0.0687512413487324
   0.0725619107835801
   0.0764788888652137
   0.0805025236117912
   0.0846331692090429
   0.0888711861649056
   0.0932169405769144
   0.0976708025578606
   0.1022331422211005
   0.1069043322012711
   0.1116847457578328
   0.1165747507299342
   0.1215747142903239
   0.1266850051871167
   0.1319059940852226
   0.1372380492319814
   0.1426815218564337
   0.1482367516461462
   0.1539040728800585
   0.1596838138968678
   0.1655762932327626
   0.1715818113868970
   0.1777006536795370
   0.1839330766241030
   0.1902793139261606
   0.1967395864844825
   0.2033140984399393
   0.2100030104027384
   0.2168064404516486
   0.2237244786158690
   0.2307571843278613
   0.2379045738530089
   0.2451666173984836
   0.2525432187398795
   0.2600342300807554
   0.2676394660333095
   0.2753586726436451
   0.2831915056208192
   0.2911375558408085
   0.2991963462887161
   0.3073673173751553
   0.3156498104569955
   0.3240430559207645
   0.3325462075381886
   0.3411583129738097
   0.3498782787520478
   0.3587048981458650
   0.3676368459328482
   0.3766726622720223
   0.3858107205590152
   0.3950492534708097
   0.4043863518323455
   0.4138199136467630
   0.4233476655626346
   0.4329671609035997
   0.4426757608961707
   0.4524706090818699
   0.4623486582067146
   0.4723066422689793
   0.4823410620809964
   0.4924481934594607
   0.5026240742661440
   0.5128644919770234
   0.5231649823151652
   0.5335208227269503
   0.5439270279322955
   0.5543783402505932
   0.5648692248531974
   0.5753938865536432
   0.5859462282897634
   0.5965198888573149
   0.6071082340156581
   0.6177043183629740
   0.6283009682468909
   0.6388907022259570
   0.6494657830638755
   0.6600182469821934
   0.6705398214143648
   0.6810220755652318
   0.6914563004201910
   0.7018336036249450
   0.7121449410566704
   0.7223810237788270
   0.7325325364586285
   0.7425899420412357
   0.7525437078640876
   0.7623841833714913
   0.7721017456546114
   0.7816867688204574
   0.7911296695665262
   0.8004210115460378
   0.8095514183029712
   0.8185117870858899
   0.8272931465759408
   0.8358869055794378
   0.8442846766878753
   0.8524785585416408
   0.8604609560457961
   0.8682248401866960
   0.8757635937135939
   0.8830712331705127
   0.8901423039592463
   0.8969720320086756
   0.9035562928034042
   0.9098916579482695
   0.9159754571398092
   0.9218057250932380
   0.9273813351136444
   0.9327018792693885
   0.9377677972110655
   0.9425802857361768
   0.9471413440685056
   0.9514537488441645
   0.9555210207773135
   0.9593474266183595
   0.9629379214086901
   0.9662981294329749
   0.9694342849397055
   0.9723532034893760
   0.9750622063032790
   0.9775690716336799
   0.9798819941350314
   0.9820094769976756
   0.9839603037888126
   0.9857434766867076
   0.9873681036506135
   0.9888433788061113
   0.9901785203798788
   0.9913826612309672
   0.9924648304692848
   0.9934339104880376
   0.9942985441332367
   0.9950671063566110
   0.9957476879616439
   0.9963480383114552
   0.9968755280672003
   0.9973371416632355
   0.9977394694068509
   0.9980886784890442
   0.9983905008357954
   0.9986502482048899
   0.9988728238709564
   0.9990627032433591
   0.9992239648450829
   0.9993602996964514
   0.9994750293755571
   0.9995711266030875
   0.9996512362613785
   0.9997176977549294
   0.9997725683526910
   0.9998176463259658
   0.9998544947238315
   0.9998844641014572
   0.9999087144504166
   0.9999282360549405
   0.9999438690704248
   0.9999563222211075
   0.9999661896102022
   0.9999739661927167
   0.9999800618193729
   0.9999848137751303
   0.9999884978762902
   0.9999913382404300
   0.9999935158880102
   0.9999951760407432
   0.9999964344908369
   0.9999973829967155
   0.9999980937765273
   0.9999986233166966
   0.9999990155220417
   0.9999993042900627
   0.9999995156241831
   0.9999996693492010
   0.9999997804738797
   0.9999998602960060
   0.9999999172571796
   0.9999999576317855
   0.9999999860472070
   1.0000000058987146
   1.0000000196590699
   1.0000000291183817
   1.0000000355647169
   1.0000000399174167
   1.0000000428303080
   1.0000000447628001
   1.0000000460379068
   1.0000000468784522
   1.0000000474390403
   1.0000000478241029
   1.0000000481043183
   1.0000000483266389
   1.0000000485206366
   1.0000000487063452
   1.0000000488934906
   1.0000000490900640
   1.0000000492964014
   1.0000000495154004
   1.0000000497432191
   1.0000000499806643
   1.0000000502224728
   1.0000000504684283
   1.0000000507134494
   1.0000000509564904
   1.0000000511936213
   1.0000000514229028
   1.0000000516420056
   1.0000000518482057
   1.0000000520406194
   1.0000000522163268
   1.0000000523750834
   1.0000000525148034
   1.0000000526348074
   1.0000000527346324
   1.0000000528128279
   1.0000000528700943
   1.0000000529054007
   1.0000000529187587
   1.0000000529114190
   1.0000000528814073
   1.0000000528317796
   1.0000000527611237
   1.0000000526702528
   1.0000000525621811
   1.0000000524337140
   1.0000000522894112
   1.0000000521294423
   1.0000000519520542
   1.0000000517631682
   1.0000000515606133
   1.0000000513445053
   1.0000000511209248
   1.0000000508869702
   1.0000000506428917
   1.0000000503949944
   1.0000000501417128
   1.0000000498809869
   1.0000000496188686
   1.0000000493575856
   1.0000000490927292
   1.0000000488269969
   1.0000000485653804
   1.0000000483084472
   1.0000000480525502
   1.0000000477999196
   1.0000000475544879
   1.0000000473182571
   1.0000000470897679
   1.0000000468674224
   1.0000000466533163
   1.0000000464498264
   1.0000000462585874
   1.0000000460801211
   1.0000000459140110
   1.0000000457595319
   1.0000000456172615
   1.0000000454881586
   1.0000000453730657
   1.0000000452726072
   1.0000000451871902
   1.0000000451170752
   1.0000000450624262
   1.0000000450233402
   1.0000000449998685
   1.0000000449920412
