 0.00568799564975520 
 0.02302708112022690 
 0.02810038845968580 
 0.03420371544360810 
 0.04642275503772020 
 0.05559632395300470 
 0.06885033744208710 
 0.08211921368269030 
 0.09335282188690169 
 0.10765171777196800 
 0.14442773856647101 
 0.15759400333390100 
 0.19551256374705500 
 0.20879630273917901 
 0.24353953262254399 
 0.29361167803543903 
 0.34470393459178300 
 0.39580362252388801 
 0.44565100322454598 
 0.49527279350455100 
 0.54455977622338503 
 0.59362337041068003 
 0.64518387244896702 
 0.69424829234468000 
 0.70754193983781799 
 0.74438484301416497 
 0.75667076499012098 
 0.77510955645506896 
