   0.0000000000000000
   0.0400801603206413
   0.0801603206412826
   0.1202404809619238
   0.1603206412825651
   0.2004008016032064
   0.2404809619238477
   0.2805611222444890
   0.3206412825651303
   0.3607214428857716
   0.4008016032064128
   0.4408817635270541
   0.4809619238476954
   0.5210420841683366
   0.5611222444889780
   0.6012024048096193
   0.6412825651302605
   0.6813627254509018
   0.7214428857715431
   0.7615230460921844
   0.8016032064128257
   0.8416833667334669
   0.8817635270541082
   0.9218436873747495
   0.9619238476953907
   1.0020040080160320
   1.0420841683366733
   1.0821643286573146
   1.1222444889779559
   1.1623246492985972
   1.2024048096192386
   1.2424849699398797
   1.2825651302605210
   1.3226452905811623
   1.3627254509018036
   1.4028056112224450
   1.4428857715430863
   1.4829659318637274
   1.5230460921843687
   1.5631262525050100
   1.6032064128256514
   1.6432865731462927
   1.6833667334669338
   1.7234468937875751
   1.7635270541082164
   1.8036072144288577
   1.8436873747494991
   1.8837675350701404
   1.9238476953907815
   1.9639278557114228
   2.0040080160320639
   2.0440881763527052
   2.0841683366733466
   2.1242484969939879
   2.1643286573146292
   2.2044088176352705
   2.2444889779559118
   2.2845691382765532
   2.3246492985971945
   2.3647294589178358
   2.4048096192384771
   2.4448897795591180
   2.4849699398797593
   2.5250501002004007
   2.5651302605210420
   2.6052104208416833
   2.6452905811623246
   2.6853707414829660
   2.7254509018036073
   2.7655310621242486
   2.8056112224448899
   2.8456913827655312
   2.8857715430861726
   2.9258517034068134
   2.9659318637274548
   3.0060120240480961
   3.0460921843687374
   3.0861723446893787
   3.1262525050100201
   3.1663326653306614
   3.2064128256513027
   3.2464929859719440
   3.2865731462925853
   3.3266533066132267
   3.3667334669338675
   3.4068136272545089
   3.4468937875751502
   3.4869739478957915
   3.5270541082164328
   3.5671342685370742
   3.6072144288577155
   3.6472945891783568
   3.6873747494989981
   3.7274549098196395
   3.7675350701402808
   3.8076152304609217
   3.8476953907815630
   3.8877755511022043
   3.9278557114228456
   3.9679358717434869
   4.0080160320641278
   4.0480961923847696
   4.0881763527054105
   4.1282565130260522
   4.1683366733466931
   4.2084168336673349
   4.2484969939879758
   4.2885771543086175
   4.3286573146292584
   4.3687374749499002
   4.4088176352705410
   4.4488977955911819
   4.4889779559118237
   4.5290581162324646
   4.5691382765531063
   4.6092184368737472
   4.6492985971943890
   4.6893787575150299
   4.7294589178356716
   4.7695390781563125
   4.8096192384769543
   4.8496993987975952
   4.8897795591182360
   4.9298597194388778
   4.9699398797595187
   5.0100200400801604
   5.0501002004008013
   5.0901803607214431
   5.1302605210420840
   5.1703406813627257
   5.2104208416833666
   5.2505010020040084
   5.2905811623246493
   5.3306613226452910
   5.3707414829659319
   5.4108216432865728
   5.4509018036072145
   5.4909819639278554
   5.5310621242484972
   5.5711422845691381
   5.6112224448897798
   5.6513026052104207
   5.6913827655310625
   5.7314629258517034
   5.7715430861723451
   5.8116232464929860
   5.8517034068136269
   5.8917835671342687
   5.9318637274549095
   5.9719438877755513
   6.0120240480961922
   6.0521042084168339
   6.0921843687374748
   6.1322645290581166
   6.1723446893787575
   6.2124248496993992
   6.2525050100200401
   6.2925851703406810
   6.3326653306613228
   6.3727454909819636
   6.4128256513026054
   6.4529058116232463
   6.4929859719438880
   6.5330661322645289
   6.5731462925851707
   6.6132264529058116
   6.6533066132264533
   6.6933867735470942
   6.7334669338677351
   6.7735470941883769
   6.8136272545090177
   6.8537074148296595
   6.8937875751503004
   6.9338677354709422
   6.9739478957915830
   7.0140280561122248
   7.0541082164328657
   7.0941883767535074
   7.1342685370741483
   7.1743486973947892
   7.2144288577154310
   7.2545090180360718
   7.2945891783567136
   7.3346693386773545
   7.3747494989979963
   7.4148296593186371
   7.4549098196392789
   7.4949899799599198
   7.5350701402805615
   7.5751503006012024
   7.6152304609218433
   7.6553106212424851
   7.6953907815631259
   7.7354709418837677
   7.7755511022044086
   7.8156312625250504
   7.8557114228456912
   7.8957915831663330
   7.9358717434869739
   7.9759519038076157
   8.0160320641282556
   8.0561122244488974
   8.0961923847695392
   8.1362725450901809
   8.1763527054108209
   8.2164328657314627
   8.2565130260521045
   8.2965931863727462
   8.3366733466933862
   8.3767535070140280
   8.4168336673346698
   8.4569138276553097
   8.4969939879759515
   8.5370741482965933
   8.5771543086172350
   8.6172344689378750
   8.6573146292585168
   8.6973947895791586
   8.7374749498998003
   8.7775551102204403
   8.8176352705410821
   8.8577154308617239
   8.8977955911823639
   8.9378757515030056
   8.9779559118236474
   9.0180360721442892
   9.0581162324649291
   9.0981963927855709
   9.1382765531062127
   9.1783567134268544
   9.2184368737474944
   9.2585170340681362
   9.2985971943887780
   9.3386773547094180
   9.3787575150300597
   9.4188376753507015
   9.4589178356713433
   9.4989979959919832
   9.5390781563126250
   9.5791583166332668
   9.6192384769539085
   9.6593186372745485
   9.6993987975951903
   9.7394789579158321
   9.7795591182364721
   9.8196392785571138
   9.8597194388777556
   9.8997995991983974
   9.9398797595190373
   9.9799599198396791
  10.0200400801603210
  10.0601202404809630
  10.1002004008016030
  10.1402805611222440
  10.1803607214428860
  10.2204408817635280
  10.2605210420841680
  10.3006012024048100
  10.3406813627254510
  10.3807615230460910
  10.4208416833667330
  10.4609218436873750
  10.5010020040080170
  10.5410821643286570
  10.5811623246492990
  10.6212424849699400
  10.6613226452905820
  10.7014028056112220
  10.7414829659318640
  10.7815631262525060
  10.8216432865731460
  10.8617234468937870
  10.9018036072144290
  10.9418837675350710
  10.9819639278557110
  11.0220440881763530
  11.0621242484969940
  11.1022044088176360
  11.1422845691382760
  11.1823647294589180
  11.2224448897795600
  11.2625250501002000
  11.3026052104208410
  11.3426853707414830
  11.3827655310621250
  11.4228456913827650
  11.4629258517034070
  11.5030060120240480
  11.5430861723446900
  11.5831663326653300
  11.6232464929859720
  11.6633266533066140
  11.7034068136272540
  11.7434869739478960
  11.7835671342685370
  11.8236472945891790
  11.8637274549098190
  11.9038076152304610
  11.9438877755511030
  11.9839679358717440
  12.0240480961923840
  12.0641282565130260
  12.1042084168336680
  12.1442885771543080
  12.1843687374749500
  12.2244488977955910
  12.2645290581162330
  12.3046092184368730
  12.3446893787575150
  12.3847695390781570
  12.4248496993987980
  12.4649298597194380
  12.5050100200400800
  12.5450901803607220
  12.5851703406813620
  12.6252505010020040
  12.6653306613226460
  12.7054108216432870
  12.7454909819639270
  12.7855711422845690
  12.8256513026052110
  12.8657314629258530
  12.9058116232464930
  12.9458917835671340
  12.9859719438877760
  13.0260521042084160
  13.0661322645290580
  13.1062124248497000
  13.1462925851703410
  13.1863727454909810
  13.2264529058116230
  13.2665330661322650
  13.3066132264529070
  13.3466933867735470
  13.3867735470941880
  13.4268537074148300
  13.4669338677354700
  13.5070140280561120
  13.5470941883767540
  13.5871743486973950
  13.6272545090180350
  13.6673346693386770
  13.7074148296593190
  13.7474949899799610
  13.7875751503006010
  13.8276553106212430
  13.8677354709418840
  13.9078156312625240
  13.9478957915831660
  13.9879759519038080
  14.0280561122244500
  14.0681362725450900
  14.1082164328657310
  14.1482965931863730
  14.1883767535070150
  14.2284569138276550
  14.2685370741482970
  14.3086172344689380
  14.3486973947895780
  14.3887775551102200
  14.4288577154308620
  14.4689378757515040
  14.5090180360721440
  14.5490981963927850
  14.5891783567134270
  14.6292585170340690
  14.6693386773547090
  14.7094188376753510
  14.7494989979959930
  14.7895791583166330
  14.8296593186372740
  14.8697394789579160
  14.9098196392785580
  14.9498997995991980
  14.9899799599198400
  15.0300601202404810
  15.0701402805611230
  15.1102204408817630
  15.1503006012024050
  15.1903807615230470
  15.2304609218436870
  15.2705410821643280
  15.3106212424849700
  15.3507014028056120
  15.3907815631262520
  15.4308617234468940
  15.4709418837675350
  15.5110220440881770
  15.5511022044088170
  15.5911823647294590
  15.6312625250501010
  15.6713426853707410
  15.7114228456913820
  15.7515030060120240
  15.7915831663326660
  15.8316633266533060
  15.8717434869739480
  15.9118236472945900
  15.9519038076152310
  15.9919839679358710
  16.0320641282565110
  16.0721442885771530
  16.1122244488977950
  16.1523046092184370
  16.1923847695390780
  16.2324649298597200
  16.2725450901803620
  16.3126252505010040
  16.3527054108216420
  16.3927855711422840
  16.4328657314629250
  16.4729458917835670
  16.5130260521042090
  16.5531062124248510
  16.5931863727454920
  16.6332665330661310
  16.6733466933867720
  16.7134268537074140
  16.7535070140280560
  16.7935871743486980
  16.8336673346693400
  16.8737474949899810
  16.9138276553106190
  16.9539078156312610
  16.9939879759519030
  17.0340681362725450
  17.0741482965931870
  17.1142284569138280
  17.1543086172344700
  17.1943887775551120
  17.2344689378757500
  17.2745490981963920
  17.3146292585170340
  17.3547094188376750
  17.3947895791583170
  17.4348697394789590
  17.4749498997996010
  17.5150300601202390
  17.5551102204408810
  17.5951903807615220
  17.6352705410821640
  17.6753507014028060
  17.7154308617234480
  17.7555110220440890
  17.7955911823647280
  17.8356713426853690
  17.8757515030060110
  17.9158316633266530
  17.9559118236472950
  17.9959919839679370
  18.0360721442885780
  18.0761523046092200
  18.1162324649298580
  18.1563126252505000
  18.1963927855711420
  18.2364729458917840
  18.2765531062124250
  18.3166332665330670
  18.3567134268537090
  18.3967935871743470
  18.4368737474949890
  18.4769539078156310
  18.5170340681362720
  18.5571142284569140
  18.5971943887775560
  18.6372745490981980
  18.6773547094188360
  18.7174348697394780
  18.7575150300601190
  18.7975951903807610
  18.8376753507014030
  18.8777555110220450
  18.9178356713426870
  18.9579158316633280
  18.9979959919839660
  19.0380761523046080
  19.0781563126252500
  19.1182364729458920
  19.1583166332665340
  19.1983967935871750
  19.2384769539078170
  19.2785571142284550
  19.3186372745490970
  19.3587174348697390
  19.3987975951903810
  19.4388777555110220
  19.4789579158316640
  19.5190380761523060
  19.5591182364729440
  19.5991983967935860
  19.6392785571142280
  19.6793587174348690
  19.7194388777555110
  19.7595190380761530
  19.7995991983967950
  19.8396793587174360
  19.8797595190380750
  19.9198396793587160
  19.9599198396793580
  20.0000000000000000
